26357|A|0|0|0|0|0|1|2016-03-07 02:50:21|2016-03-07 02:50:02|121.414713|31.204985|17.9|341.0|8|011|A|0|1|1|0|0|2|2016-03-07 03:00:08|2016-03-07 02:59:49|121.414407|31.225872|0.0|190.0|7|000
23824|A|0|0|0|0|0|1|2016-03-07 03:00:01|2016-03-07 02:59:11|121.451067|31.273475|54.6|325.0|8|053|A|0|1|5|0|0|2|2016-03-07 03:00:09|2016-03-07 02:59:37|121.509487|31.193620|0.0|331.0|8|000
26280|A|0|0|0|0|1|1|2016-03-07 02:45:14|2016-03-07 02:44:55|121.476015|31.277000|20.5|96.0|8|021|A|0|1|1|0|1|2|2016-03-07 03:00:11|2016-03-07 02:59:52|121.518918|31.296160|0.0|69.0|9|000
23824|A|0|0|0|0|0|1|2016-03-07 03:00:18|2016-03-07 02:59:41|121.448778|31.276855|29.1|329.0|7|041|A|0|1|5|0|0|2|2016-03-07 03:00:19|2016-03-07 02:59:47|121.509487|31.193620|0.0|331.0|9|000
26299|A|0|0|0|0|0|1|2016-03-07 02:49:22|2016-03-07 02:49:03|121.458310|31.233413|11.6|59.0|9|010|A|0|1|1|0|0|2|2016-03-07 03:00:20|2016-03-07 03:00:01|121.452853|31.222802|0.0|183.0|8|000
25921|A|0|0|0|0|0|1|2016-03-07 02:50:58|2016-03-07 02:50:39|121.605700|31.278980|28.4|178.0|9|027|A|0|1|1|0|1|2|2016-03-07 03:00:22|2016-03-07 03:00:03|121.595728|31.253687|0.0|78.0|9|000
26100|A|0|0|0|0|0|1|2016-03-07 02:36:44|2016-03-07 02:36:25|121.459225|31.307948|34.6|264.0|9|035|A|0|1|0|0|0|2|2016-03-07 03:00:24|2016-03-07 03:00:04|121.421797|31.220732|14.3|275.0|10|020
23824|A|0|0|0|0|0|1|2016-03-07 03:00:28|2016-03-07 02:59:51|121.448627|31.277188|2.9|324.0|5|005|A|0|1|5|0|0|2|2016-03-07 03:00:29|2016-03-07 02:59:57|121.509487|31.193620|0.0|331.0|9|000
23905|A|0|0|2|0|0|1|2016-03-07 02:44:11|2016-03-07 02:43:50|121.512008|31.302182|25.9|281.0|3|007|A|0|1|1|0|0|2|2016-03-07 03:00:38|2016-03-07 03:00:19|121.431820|31.257058|0.0|127.0|6|000
23824|A|0|0|0|0|0|1|2016-03-07 03:00:38|2016-03-07 03:00:01|121.448617|31.277198|0.0|324.0|4|000|A|0|1|5|0|0|2|2016-03-07 03:00:39|2016-03-07 03:00:07|121.509487|31.193620|0.0|331.0|9|000
23824|A|0|0|0|0|0|1|2016-03-07 03:00:48|2016-03-07 03:00:11|121.448617|31.277198|0.0|324.0|4|000|A|0|1|5|0|0|2|2016-03-07 03:00:49|2016-03-07 03:00:17|121.509487|31.193620|0.0|331.0|10|000
23824|A|0|0|0|0|0|1|2016-03-07 03:00:58|2016-03-07 03:00:21|121.448617|31.277198|0.0|324.0|5|000|A|0|1|5|0|0|2|2016-03-07 03:00:59|2016-03-07 03:00:27|121.509487|31.193620|0.0|331.0|9|000
26286|A|0|0|0|0|0|1|2016-03-07 02:50:05|2016-03-07 02:49:46|121.506812|31.306597|13.1|67.0|9|006|A|0|1|1|0|0|2|2016-03-07 03:00:59|2016-03-07 03:00:40|121.544040|31.291125|0.0|52.0|8|000
26140|A|0|0|0|0|0|1|2016-03-07 02:50:35|2016-03-07 02:50:16|121.418690|31.213400|20.5|168.0|10|019|A|0|1|1|0|1|2|2016-03-07 03:01:05|2016-03-07 03:00:46|121.448133|31.235947|0.0|323.0|8|000
25990|A|0|0|0|0|0|1|2016-03-07 03:00:41|2016-03-07 03:00:22|121.458742|31.260492|55.1|339.0|8|055|A|0|1|1|0|0|2|2016-03-07 03:01:05|2016-03-07 03:00:46|121.459113|31.263370|53.8|47.0|7|053
23824|A|0|0|0|0|0|1|2016-03-07 03:01:08|2016-03-07 03:00:31|121.448565|31.277468|19.9|339.0|5|014|A|0|1|5|0|0|2|2016-03-07 03:01:09|2016-03-07 03:00:37|121.509487|31.193620|0.0|331.0|9|000
26433|A|0|0|0|0|0|1|2016-03-07 02:30:24|2016-03-07 02:30:05|121.469747|31.274383|24.4|317.0|10|023|A|0|1|1|0|0|2|2016-03-07 03:01:12|2016-03-07 03:00:53|121.365222|31.346777|0.0|238.0|6|000
23580|A|0|0|0|0|0|1|2016-03-07 02:58:13|2016-03-07 02:57:54|121.493283|31.290053|14.5|267.0|6|013|A|0|1|1|0|0|2|2016-03-07 03:01:17|2016-03-07 03:00:58|121.483667|31.287978|38.9|273.0|5|039
23824|A|0|0|0|0|0|1|2016-03-07 03:01:18|2016-03-07 03:00:41|121.448297|31.278160|39.9|339.0|7|036|A|0|1|5|0|0|2|2016-03-07 03:01:19|2016-03-07 03:00:47|121.509487|31.193620|0.0|331.0|8|000
23824|A|0|0|0|0|0|1|2016-03-07 03:01:28|2016-03-07 03:00:51|121.448045|31.279248|49.3|348.0|7|049|A|0|1|5|0|0|2|2016-03-07 03:01:29|2016-03-07 03:00:57|121.509487|31.193620|0.0|331.0|9|000
17179|A|0|0|0|0|1|1|2016-03-07 03:01:33|2016-03-07 02:57:41|121.426782|31.213898|0.0|78.0|5|000|A|0|1|1|0|1|2|2016-03-07 03:01:33|2016-03-07 02:57:54|121.426782|31.213898|0.0|78.0|5|000
23499|A|0|0|0|0|0|1|2016-03-07 02:50:44|2016-03-07 02:50:26|121.448928|31.234317|12.1|267.0|4|004|A|0|1|1|0|0|2|2016-03-07 03:01:47|2016-03-07 03:01:28|121.456188|31.247652|0.0|121.0|7|000
23847|A|0|0|0|0|0|1|2016-03-07 02:54:50|2016-03-07 02:54:31|121.506003|31.291920|26.0|19.0|8|026|A|0|1|1|0|0|2|2016-03-07 03:01:48|2016-03-07 03:01:29|121.481742|31.304988|0.0|45.0|6|000
23824|A|0|0|0|0|0|1|2016-03-07 03:01:39|2016-03-07 03:01:01|121.447947|31.280340|45.9|355.0|8|044|A|0|1|5|0|0|2|2016-03-07 03:01:49|2016-03-07 03:01:17|121.509487|31.193620|0.0|331.0|9|000
20538|A|0|0|0|0|0|1|2016-03-07 03:00:35|2016-03-07 03:00:16|121.401842|31.284547|23.6|180.0|7|020|A|0|1|1|0|0|2|2016-03-07 03:01:50|2016-03-07 03:01:31|121.406617|31.280775|0.0|184.0|8|000
20576|A|0|0|0|0|0|1|2016-03-07 02:52:21|2016-03-07 02:52:02|121.418308|31.268578|37.2|182.0|10|035|A|0|1|0|1|0|2|2016-03-07 03:01:51|2016-03-07 03:01:32|121.409342|31.239137|14.9|263.0|8|013
23342|A|0|0|0|0|1|1|2016-03-07 02:56:03|2016-03-07 02:46:06|121.207612|31.041412|20.5|180.0|9|024|A|0|1|1|0|0|2|2016-03-07 03:01:55|2016-03-07 03:00:53|121.243547|31.014142|43.9|331.0|8|043
23824|A|0|0|0|0|0|1|2016-03-07 03:01:58|2016-03-07 03:01:29|121.447865|31.280998|0.0|10.0|7|000|A|0|1|5|0|0|2|2016-03-07 03:01:59|2016-03-07 03:01:27|121.509487|31.193620|0.0|331.0|9|000
23334|A|0|0|0|0|0|1|2016-03-07 02:36:30|2016-03-07 02:36:11|121.443095|31.222928|10.1|81.0|10|000|A|0|1|1|0|0|2|2016-03-07 03:02:06|2016-03-07 03:00:33|121.326465|31.246665|0.0|44.0|9|000
23334|A|0|0|0|1|0|1|2016-03-07 03:02:06|2016-03-07 03:00:10|121.325972|31.246222|44.5|43.0|10|043|A|0|1|1|0|0|2|2016-03-07 03:02:06|2016-03-07 03:00:43|121.326465|31.246665|0.0|44.0|9|000
23824|A|0|0|0|0|0|1|2016-03-07 03:02:08|2016-03-07 03:01:39|121.447865|31.280998|0.0|10.0|6|000|A|0|1|5|0|0|2|2016-03-07 03:02:09|2016-03-07 03:01:37|121.509487|31.193620|0.0|331.0|9|000
23824|A|0|0|0|0|0|1|2016-03-07 03:02:18|2016-03-07 03:01:49|121.447865|31.280998|0.0|10.0|6|000|A|0|1|5|0|0|2|2016-03-07 03:02:19|2016-03-07 03:01:47|121.509487|31.193620|0.0|331.0|9|000
26019|A|0|0|0|0|0|1|2016-03-07 02:22:23|2016-03-07 02:22:04|121.456920|31.232848|14.6|355.0|6|015|A|0|1|1|0|0|2|2016-03-07 03:02:25|2016-03-07 03:02:06|121.479995|31.204813|0.0|51.0|6|000
23750|A|0|0|0|0|0|1|2016-03-07 02:46:15|2016-03-07 02:45:56|121.435948|31.220942|17.8|75.0|7|016|A|0|1|1|0|0|2|2016-03-07 03:02:26|2016-03-07 03:02:07|121.404165|31.167795|0.0|113.0|6|000
23824|A|0|0|0|0|0|1|2016-03-07 03:02:28|2016-03-07 03:01:59|121.447865|31.280998|0.0|10.0|5|000|A|0|1|5|0|0|2|2016-03-07 03:02:29|2016-03-07 03:01:57|121.509487|31.193620|0.0|331.0|8|000
23824|A|0|0|0|0|0|1|2016-03-07 03:02:38|2016-03-07 03:02:09|121.447865|31.280998|0.0|10.0|6|000|A|0|1|5|0|0|2|2016-03-07 03:02:39|2016-03-07 03:02:07|121.509487|31.193620|2.6|331.0|9|000
23783|A|0|0|0|0|0|1|2016-03-07 02:45:48|2016-03-07 02:45:29|121.445817|31.259178|14.1|300.0|9|013|A|0|1|0|1|0|2|2016-03-07 03:02:43|2016-03-07 03:02:24|121.541785|31.248757|0.0|233.0|7|000
20550|A|0|0|0|0|0|1|2016-03-07 02:47:32|2016-03-07 02:47:13|121.448073|31.279188|33.4|332.0|6|027|A|0|1|1|0|1|2|2016-03-07 03:02:44|2016-03-07 03:02:25|121.503277|31.275222|0.0|324.0|6|000
17410|A|0|0|5|0|0|1|2016-03-07 03:02:47|2016-03-07 02:50:07|121.524787|31.333723|0.0|136.0|7|000|A|0|1|5|0|0|2|2016-03-07 03:02:47|2016-03-07 02:49:37|121.524795|31.333728|0.0|136.0|7|000
23824|A|0|0|0|0|0|1|2016-03-07 03:02:48|2016-03-07 03:02:19|121.447865|31.280998|0.0|10.0|7|000|A|0|1|5|0|0|2|2016-03-07 03:02:49|2016-03-07 03:02:17|121.509487|31.193620|0.0|331.0|9|000
26315|A|0|0|0|0|0|1|2016-03-07 02:36:09|2016-03-07 02:35:50|121.460965|31.276697|29.5|180.0|8|029|A|0|1|5|0|0|2|2016-03-07 03:02:52|2016-03-07 03:02:33|121.453070|31.225990|0.0|266.0|8|000
23824|A|0|0|0|0|0|1|2016-03-07 03:02:58|2016-03-07 03:02:25|121.447748|31.281080|23.6|335.0|7|015|A|0|1|5|0|0|2|2016-03-07 03:02:59|2016-03-07 03:02:27|121.509487|31.193620|0.0|331.0|9|000
23824|A|0|0|0|0|0|1|2016-03-07 03:03:08|2016-03-07 03:02:35|121.447657|31.282098|56.7|348.0|7|045|A|0|1|5|0|0|2|2016-03-07 03:03:09|2016-03-07 03:02:37|121.509487|31.193620|0.0|331.0|9|000
20661|A|0|0|1|0|0|1|2016-03-07 02:19:18|2016-03-07 02:18:59|121.431280|31.133685|23.5|357.0|9|023|A|0|1|1|0|0|2|2016-03-07 03:03:11|2016-03-07 03:02:52|121.464052|31.260325|0.0|237.0|8|000
23824|A|0|0|0|0|0|1|2016-03-07 03:03:18|2016-03-07 03:02:45|121.447705|31.283615|67.6|357.0|7|061|A|0|1|5|0|0|2|2016-03-07 03:03:19|2016-03-07 03:02:47|121.509487|31.193620|0.0|331.0|9|000
23009|A|0|0|0|0|0|1|2016-03-07 02:55:20|2016-03-07 02:55:01|121.513793|31.288827|29.6|163.0|7|032|A|0|1|1|0|0|2|2016-03-07 03:03:27|2016-03-07 03:03:08|121.519802|31.264842|0.0|244.0|7|000
23824|A|0|0|0|0|0|1|2016-03-07 03:03:29|2016-03-07 03:02:55|121.447552|31.285080|58.2|356.0|7|056|A|0|1|5|0|0|2|2016-03-07 03:03:29|2016-03-07 03:02:57|121.509487|31.193618|0.0|331.0|9|000
23910|A|0|0|0|0|0|1|2016-03-07 02:39:18|2016-03-07 02:38:59|121.433582|31.322785|13.0|80.0|7|012|A|0|1|1|0|0|2|2016-03-07 03:03:37|2016-03-07 03:03:18|121.416653|31.251622|0.0|152.0|5|000
23824|A|0|0|0|0|0|1|2016-03-07 03:03:39|2016-03-07 03:03:05|121.447440|31.286740|67.6|357.0|5|067|A|0|1|5|0|0|2|2016-03-07 03:03:39|2016-03-07 03:03:07|121.509487|31.193618|0.0|331.0|9|000
26042|A|0|0|1|0|0|1|2016-03-07 02:57:45|2016-03-07 02:57:25|121.490008|31.303442|12.7|15.0|7|011|A|0|1|1|0|1|2|2016-03-07 03:03:40|2016-03-07 03:03:21|121.487692|31.322373|0.0|98.0|7|000
23500|A|0|0|0|0|0|1|2016-03-07 02:59:33|2016-03-07 02:59:14|121.522302|31.279938|9.4|58.0|7|006|A|0|1|1|0|0|2|2016-03-07 03:03:45|2016-03-07 03:03:26|121.542085|31.289412|0.0|75.0|6|000
25147|A|0|0|0|0|0|1|2016-03-07 02:16:14|2016-03-07 02:15:46|121.540890|31.274268|29.1|138.0|8|028|A|0|1|1|0|0|2|2016-03-07 03:03:45|2016-03-07 03:03:17|121.479023|31.249093|0.0|288.0|7|000
23824|A|0|0|0|0|0|1|2016-03-07 03:03:48|2016-03-07 03:03:15|121.447233|31.288560|73.5|354.0|6|075|A|0|1|5|0|0|2|2016-03-07 03:03:49|2016-03-07 03:03:17|121.509487|31.193618|0.0|331.0|9|000
10243|A|0|0|5|0|0|1|2016-03-07 03:03:51|2016-03-07 03:03:27|121.459428|31.316710|28.8|357.0|7|035|A|0|1|5|0|0|2|2016-03-07 03:03:51|2016-03-07 03:03:17|121.459297|31.316033|27.6|2.0|7|022
23824|A|0|0|0|0|0|1|2016-03-07 03:03:58|2016-03-07 03:03:25|121.446988|31.289842|34.8|356.0|6|044|A|0|1|5|0|0|2|2016-03-07 03:03:59|2016-03-07 03:03:27|121.509487|31.193618|0.0|331.0|9|000
23824|A|0|0|0|0|0|1|2016-03-07 03:04:08|2016-03-07 03:03:32|121.447072|31.290385|36.9|0.0|8|031|A|0|1|5|0|0|2|2016-03-07 03:04:09|2016-03-07 03:03:37|121.509487|31.193618|0.0|331.0|9|000
26093|A|0|0|0|0|0|1|2016-03-07 02:40:13|2016-03-07 02:39:54|121.459377|31.235822|28.4|247.0|7|028|A|0|1|1|0|1|2|2016-03-07 03:04:17|2016-03-07 03:03:58|121.363995|31.243392|0.0|197.0|8|000
23824|A|0|0|0|0|0|1|2016-03-07 03:04:18|2016-03-07 03:03:42|121.447308|31.290767|11.3|2.0|8|011|A|0|1|5|0|0|2|2016-03-07 03:04:19|2016-03-07 03:03:47|121.509487|31.193618|0.0|331.0|9|000
23824|A|0|0|0|0|0|1|2016-03-07 03:04:28|2016-03-07 03:03:52|121.447333|31.291505|47.5|4.0|5|032|A|0|1|5|0|0|2|2016-03-07 03:04:30|2016-03-07 03:03:57|121.509487|31.193618|0.0|331.0|9|000
25924|A|0|0|0|0|0|1|2016-03-07 03:02:26|2016-03-07 03:02:07|121.270470|31.111477|19.7|347.0|7|023|A|0|1|1|0|0|2|2016-03-07 03:04:33|2016-03-07 03:04:14|121.273472|31.117977|0.0|78.0|6|000
26170|A|0|0|0|0|1|1|2016-03-07 03:03:32|2016-03-07 03:03:13|121.325982|31.294130|20.9|218.0|9|017|A|0|1|1|0|1|2|2016-03-07 03:04:33|2016-03-07 03:04:14|121.324402|31.294457|1.9|338.0|9|000
23824|A|0|0|0|0|0|1|2016-03-07 03:04:38|2016-03-07 03:04:06|121.447378|31.293550|58.2|1.0|4|053|A|0|1|5|0|0|2|2016-03-07 03:04:39|2016-03-07 03:04:07|121.509487|31.193618|0.0|331.0|9|000
25710|A|0|0|0|0|0|1|2016-03-07 02:57:52|2016-03-07 02:57:33|121.511640|31.175347|27.1|67.0|9|027|A|0|1|1|0|0|2|2016-03-07 03:04:41|2016-03-07 03:04:22|121.508815|31.197022|0.0|4.0|8|000
21311|A|0|0|0|0|0|1|2016-03-07 01:44:25|2016-03-07 01:44:05|121.802953|31.155562|39.4|342.0|5|000|A|0|1|1|0|1|2|2016-03-07 03:04:45|2016-03-07 03:04:26|121.487713|31.147388|14.2|258.0|7|017
23824|A|0|0|0|0|0|1|2016-03-07 03:04:48|2016-03-07 03:04:12|121.447377|31.294432|61.4|359.0|5|056|A|0|1|5|0|0|2|2016-03-07 03:04:50|2016-03-07 03:04:17|121.509487|31.193618|0.0|331.0|9|000
15425|A|0|0|0|1|0|1|2016-03-07 03:04:51|2016-03-07 03:03:01|121.208058|31.273712|0.0|66.0|10|000|A|0|1|1|0|0|2|2016-03-07 03:04:51|2016-03-07 03:03:32|121.208543|31.274018|32.0|56.0|10|030
25924|A|0|0|0|0|0|1|2016-03-07 03:04:49|2016-03-07 03:04:30|121.273818|31.118060|18.5|74.0|6|019|A|0|1|1|0|0|2|2016-03-07 03:04:51|2016-03-07 03:04:32|121.273942|31.118088|21.1|74.0|6|022
23824|A|0|0|0|0|0|1|2016-03-07 03:04:58|2016-03-07 03:04:22|121.446970|31.296062|57.2|354.0|7|058|A|0|1|5|0|0|2|2016-03-07 03:04:59|2016-03-07 03:04:27|121.509487|31.193618|0.0|331.0|9|000
23824|A|0|0|0|0|0|1|2016-03-07 03:05:08|2016-03-07 03:04:32|121.446790|31.297567|56.6|355.0|6|058|A|0|1|5|0|0|2|2016-03-07 03:05:09|2016-03-07 03:04:37|121.509487|31.193618|0.0|331.0|9|000
23377|A|0|0|0|0|0|1|2016-03-07 02:56:21|2016-03-07 02:56:02|121.426818|31.220172|27.2|326.0|8|020|A|0|1|1|0|0|2|2016-03-07 03:05:16|2016-03-07 03:04:57|121.390570|31.215528|0.0|233.0|5|001
26130|A|0|0|0|0|0|1|2016-03-07 02:42:32|2016-03-07 02:42:12|121.438343|31.283367|17.0|161.0|9|016|A|0|1|1|0|0|2|2016-03-07 03:05:18|2016-03-07 03:04:59|121.525277|31.269222|20.1|56.0|9|019
23824|A|0|0|0|0|0|1|2016-03-07 03:05:18|2016-03-07 03:04:42|121.446625|31.298987|49.2|355.0|4|054|A|0|1|5|0|0|2|2016-03-07 03:05:19|2016-03-07 03:04:47|121.509487|31.193618|0.0|331.0|9|000
26090|A|0|0|1|0|0|1|2016-03-07 02:28:16|2016-03-07 02:27:56|121.471965|31.284980|20.3|100.0|7|020|A|0|1|1|0|0|2|2016-03-07 03:05:20|2016-03-07 03:05:01|121.551480|31.257008|0.0|47.0|6|000
23824|A|0|0|0|0|0|1|2016-03-07 03:05:28|2016-03-07 03:04:52|121.446420|31.300350|55.1|355.0|4|055|A|0|1|5|0|0|2|2016-03-07 03:05:29|2016-03-07 03:04:57|121.509485|31.193618|0.0|331.0|9|000
26275|A|0|0|1|0|0|1|2016-03-07 02:53:14|2016-03-07 02:52:22|121.480538|31.251492|27.5|315.0|7|032|A|0|1|0|0|0|2|2016-03-07 03:05:33|2016-03-07 03:05:09|121.460303|31.272118|0.0|121.0|8|000
23824|A|0|0|0|0|0|1|2016-03-07 03:05:38|2016-03-07 03:05:01|121.446018|31.301528|59.3|359.0|6|059|A|0|1|5|0|0|2|2016-03-07 03:05:39|2016-03-07 03:05:07|121.509485|31.193618|0.0|331.0|9|000
26239|A|0|0|0|0|0|1|2016-03-07 02:50:25|2016-03-07 02:50:06|121.486097|31.282092|29.7|179.0|8|029|A|0|1|1|0|0|2|2016-03-07 03:05:48|2016-03-07 03:05:29|121.426562|31.255700|0.0|157.0|7|000
23824|A|0|0|0|0|0|1|2016-03-07 03:05:48|2016-03-07 03:05:11|121.444537|31.302880|64.1|358.0|9|064|A|0|1|5|0|0|2|2016-03-07 03:05:49|2016-03-07 03:05:17|121.509485|31.193618|0.0|331.0|9|000
26315|A|0|0|0|0|0|1|2016-03-07 03:04:47|2016-03-07 03:04:28|121.453060|31.226002|0.0|266.0|7|000|A|0|1|5|0|0|2|2016-03-07 03:06:07|2016-03-07 03:05:48|121.453060|31.226002|0.0|266.0|8|000
21152|A|0|0|0|0|0|1|2016-03-07 02:37:44|2016-03-07 02:37:16|121.636313|31.240407|28.6|331.0|11|025|A|0|1|0|0|0|2|2016-03-07 03:06:08|2016-03-07 03:05:39|121.550038|31.256082|9.6|188.0|10|009
23824|A|0|0|0|0|0|1|2016-03-07 03:06:01|2016-03-07 03:05:21|121.444455|31.304405|50.5|357.0|9|053|A|0|1|5|0|0|2|2016-03-07 03:06:09|2016-03-07 03:05:37|121.509485|31.193618|0.0|331.0|9|000
23824|A|0|0|0|0|0|1|2016-03-07 03:06:18|2016-03-07 03:05:41|121.444342|31.307160|54.9|358.0|7|058|A|0|1|5|0|0|2|2016-03-07 03:06:19|2016-03-07 03:05:47|121.509485|31.193618|0.0|331.0|9|000
25855|A|0|0|0|0|0|1|2016-03-07 02:43:56|2016-03-07 02:43:37|121.503517|31.305107|24.4|228.0|9|023|A|0|1|5|0|1|2|2016-03-07 03:06:20|2016-03-07 03:06:01|121.476863|31.234863|0.0|147.0|8|000
10755|A|0|0|0|0|1|1|2016-03-07 03:06:25|2016-03-07 02:58:36|121.197523|31.017010|17.6|281.0|7|017|A|0|1|1|0|0|2|2016-03-07 03:06:25|2016-03-07 02:58:43|121.197373|31.017047|0.0|282.0|7|000
23824|A|0|0|0|0|0|1|2016-03-07 03:06:29|2016-03-07 03:05:51|121.444308|31.308507|54.6|359.0|7|054|A|0|1|5|0|0|2|2016-03-07 03:06:29|2016-03-07 03:05:57|121.509485|31.193618|0.0|331.0|9|000
23515|A|0|0|0|0|0|1|2016-03-07 02:40:42|2016-03-07 02:40:23|121.480918|31.217792|27.1|335.0|9|017|A|0|1|1|0|0|2|2016-03-07 03:06:32|2016-03-07 03:06:13|121.388720|31.270000|0.0|16.0|9|000
26345|A|0|0|0|0|0|1|2016-03-07 03:01:37|2016-03-07 03:01:18|121.479310|31.263935|14.4|165.0|8|009|A|0|1|1|0|0|2|2016-03-07 03:06:37|2016-03-07 03:06:18|121.486743|31.255712|0.0|104.0|8|000
23515|A|0|0|0|1|0|1|2016-03-07 03:06:34|2016-03-07 03:06:15|121.388720|31.270000|0.0|16.0|9|000|A|0|1|1|0|0|2|2016-03-07 03:06:37|2016-03-07 03:06:18|121.388720|31.270000|0.0|16.0|9|000
23824|A|0|0|0|0|0|1|2016-03-07 03:06:38|2016-03-07 03:06:02|121.444318|31.309848|42.2|2.0|9|043|A|0|1|5|0|0|2|2016-03-07 03:06:39|2016-03-07 03:06:07|121.509485|31.193618|0.0|331.0|9|000
26353|A|0|0|0|0|0|1|2016-03-07 02:36:37|2016-03-07 02:36:13|121.804525|31.153417|14.7|357.0|5|007|A|0|1|1|0|0|2|2016-03-07 03:06:45|2016-03-07 03:06:23|121.436642|31.230475|2.2|345.0|8|000
23669|A|0|0|0|0|0|1|2016-03-07 03:03:46|2016-03-07 03:03:27|121.477975|31.284147|24.9|274.0|7|018|A|0|1|1|0|1|2|2016-03-07 03:06:45|2016-03-07 03:06:26|121.472040|31.292978|0.0|298.0|6|000
23824|A|0|0|0|0|0|1|2016-03-07 03:06:48|2016-03-07 03:06:19|121.444223|31.311770|48.3|355.0|9|047|A|0|1|5|0|0|2|2016-03-07 03:06:49|2016-03-07 03:06:17|121.509485|31.193618|0.0|331.0|9|000
23548|A|0|0|0|0|0|1|2016-03-07 02:59:48|2016-03-07 02:59:29|121.357630|31.246780|14.9|206.0|9|013|A|0|1|1|0|0|2|2016-03-07 03:06:49|2016-03-07 03:06:30|121.393098|31.233730|0.0|84.0|9|000
20676|A|0|0|0|0|0|1|2016-03-07 03:02:23|2016-03-07 03:02:04|121.526525|31.285602|16.9|342.0|9|016|A|0|1|1|0|1|2|2016-03-07 03:06:52|2016-03-07 03:06:33|121.511260|31.292562|0.0|268.0|9|000
23824|A|0|0|0|0|0|1|2016-03-07 03:06:58|2016-03-07 03:06:29|121.444128|31.312727|39.3|355.0|9|038|A|0|1|5|0|0|2|2016-03-07 03:06:59|2016-03-07 03:06:27|121.509485|31.193618|0.0|331.0|9|000
23824|A|0|0|0|0|0|1|2016-03-07 03:07:08|2016-03-07 03:06:39|121.444118|31.313920|51.4|358.0|9|051|A|0|1|5|0|0|2|2016-03-07 03:07:09|2016-03-07 03:06:37|121.509485|31.193618|0.0|331.0|9|000
26112|A|0|0|0|0|0|1|2016-03-07 03:01:45|2016-03-07 03:01:26|121.464293|31.222878|26.3|55.0|8|020|A|0|1|1|0|1|2|2016-03-07 03:07:09|2016-03-07 03:06:50|121.461668|31.251467|2.2|106.0|9|000
23412|A|0|0|0|0|0|1|2016-03-07 02:57:22|2016-03-07 02:57:03|121.461420|31.274403|14.0|74.0|8|013|A|0|1|1|0|0|2|2016-03-07 03:07:11|2016-03-07 03:06:51|121.445370|31.264560|10.2|160.0|9|010
23412|A|0|0|0|0|0|1|2016-03-07 03:07:11|2016-03-07 03:06:52|121.445392|31.264533|12.7|154.0|9|012|A|0|1|1|0|0|2|2016-03-07 03:07:13|2016-03-07 03:06:54|121.445438|31.264470|15.7|151.0|9|015
26315|A|0|0|0|0|0|1|2016-03-07 03:06:42|2016-03-07 03:06:23|121.453055|31.226020|0.0|266.0|8|000|A|0|1|5|0|0|2|2016-03-07 03:07:34|2016-03-07 03:07:15|121.453055|31.226020|0.0|266.0|8|000
23824|A|0|0|0|0|0|1|2016-03-07 03:07:18|2016-03-07 03:06:44|121.444117|31.314547|45.5|0.0|8|047|A|0|1|5|0|0|2|2016-03-07 03:07:39|2016-03-07 03:07:07|121.509485|31.193618|0.0|331.0|9|000
23468|A|0|0|0|0|0|1|2016-03-07 02:47:32|2016-03-07 02:47:13|121.630655|31.281743|19.3|154.0|8|017|A|0|1|1|0|0|2|2016-03-07 03:08:20|2016-03-07 03:08:00|121.600238|31.293370|0.0|8.0|7|001
28094|A|0|0|0|0|0|1|2016-03-07 02:57:32|2016-03-07 02:57:13|121.399765|31.261890|26.0|162.0|7|024|A|0|1|1|0|0|2|2016-03-07 03:08:30|2016-03-07 03:08:11|121.407237|31.274842|0.0|264.0|7|000
23900|A|0|0|0|0|0|1|2016-03-07 02:49:02|2016-03-07 02:48:43|121.512090|31.303747|17.4|102.0|5|000|A|0|1|1|0|0|2|2016-03-07 03:08:33|2016-03-07 03:08:14|121.552693|31.229000|0.0|177.0|8|000
23824|A|0|0|0|0|0|1|2016-03-07 03:07:48|2016-03-07 03:07:17|121.443608|31.318603|25.0|351.0|7|032|A|0|1|5|0|0|2|2016-03-07 03:08:39|2016-03-07 03:08:07|121.509485|31.193618|0.0|331.0|9|000
11534|A|0|0|0|0|1|1|2016-03-07 01:24:53|2016-03-07 01:19:40|121.335507|31.095327|49.7|67.0|8|049|A|0|1|1|0|1|2|2016-03-07 03:08:55|2016-03-07 03:08:22|121.487352|31.259502|0.0|101.0|7|000
23589|A|0|0|0|0|0|1|2016-03-07 03:03:13|2016-03-07 03:02:54|121.436718|31.191582|25.1|249.0|9|022|A|0|1|1|0|1|2|2016-03-07 03:08:59|2016-03-07 03:08:40|121.421130|31.183583|0.0|268.0|9|000
23521|A|0|0|0|0|0|1|2016-03-07 02:54:11|2016-03-07 02:53:52|121.251105|31.010783|35.1|179.0|10|034|A|0|1|1|0|0|2|2016-03-07 03:09:01|2016-03-07 03:05:58|121.306102|31.023562|0.0|35.0|9|000
23824|A|0|0|V|0|0|1|2016-03-07 03:08:59|2016-03-07 03:08:24|121.441593|31.323543|30.7|344.0|0|018|A|0|1|5|0|0|2|2016-03-07 03:09:08|2016-03-07 03:08:37|121.509485|31.193618|0.0|331.0|9|000
23824|A|0|0|V|0|0|1|2016-03-07 03:09:10|2016-03-07 03:08:24|121.441593|31.323543|41.9|344.0|0|018|A|0|1|5|0|0|2|2016-03-07 03:09:19|2016-03-07 03:08:47|121.509485|31.193618|0.0|331.0|9|000
26421|A|0|0|0|0|0|1|2016-03-07 02:50:33|2016-03-07 02:50:13|121.392193|31.233727|25.0|84.0|9|025-|A|0|1|1|0|0|2|2016-03-07 03:09:34|2016-03-07 03:09:15|121.459408|31.238095|0.0|69.0|9|000
26127|A|0|0|0|0|0|1|2016-03-07 02:47:05|2016-03-07 02:46:46|121.305158|31.145812|10.3|240.0|7|009|A|0|1|1|0|0|2|2016-03-07 03:09:34|2016-03-07 03:09:15|121.182432|31.196172|0.0|90.0|8|000
25844|A|0|0|0|0|0|1|2016-03-07 02:55:05|2016-03-07 02:54:46|121.447465|31.219505|31.7|338.0|8|028|A|0|1|1|0|0|2|2016-03-07 03:09:35|2016-03-07 03:09:16|121.475602|31.233563|0.0|69.0|4|000
26315|A|0|0|0|0|0|1|2016-03-07 03:08:40|2016-03-07 03:08:21|121.453048|31.226033|0.0|266.0|8|000|A|0|1|5|0|0|2|2016-03-07 03:09:36|2016-03-07 03:09:17|121.453048|31.226033|0.0|266.0|7|000
25856|A|0|0|0|0|0|1|2016-03-07 02:48:26|2016-03-07 02:48:07|121.417522|31.244710|13.5|54.0|6|009|A|0|1|1|0|0|2|2016-03-07 03:09:46|2016-03-07 03:09:27|121.396200|31.162533|0.0|67.0|6|000
23547|A|0|0|0|0|0|1|2016-03-07 02:47:47|2016-03-07 02:47:28|121.433885|31.312148|9.7|99.0|8|004|A|0|1|1|0|0|2|2016-03-07 03:09:46|2016-03-07 03:09:01|121.511720|31.269375|0.0|215.0|7|000
23824|A|0|0|0|0|0|1|2016-03-07 03:09:19|2016-03-07 03:08:46|121.440255|31.325583|40.8|332.0|6|040|A|0|1|5|0|0|2|2016-03-07 03:09:49|2016-03-07 03:09:17|121.509483|31.193618|0.0|331.0|9|000
26264|A|0|0|1|0|0|1|2016-03-07 03:02:03|2016-03-07 03:01:44|121.462738|31.261628|29.9|173.0|7|030|A|0|1|1|0|1|2|2016-03-07 03:09:57|2016-03-07 03:09:38|121.488230|31.284027|4.5|1.0|8|002
11817|A|0|0|0|0|0|1|2016-03-07 03:09:37|2016-03-07 03:07:32|121.590048|31.215433|40.2|246.0|8|039|A|0|1|1|0|0|2|2016-03-07 03:09:57|2016-03-07 03:09:11|121.582902|31.214505|0.0|146.0|8|000
26046|A|0|0|0|0|0|1|2016-03-07 02:51:22|2016-03-07 02:51:03|121.513477|31.279125|21.3|344.0|6|017|A|0|1|1|0|0|2|2016-03-07 03:09:59|2016-03-07 03:09:40|121.393753|31.237663|0.0|273.0|8|000
17179|A|0|0|0|0|0|1|2016-03-07 03:01:43|2016-03-07 02:59:44|121.426525|31.213693|11.3|78.0|5|000|A|0|1|1|0|0|2|2016-03-07 03:10:01|2016-03-07 03:09:06|121.449305|31.212208|10.1|161.0|8|007
23824|A|0|0|0|0|0|1|2016-03-07 03:10:02|2016-03-07 03:09:23|121.439130|31.328932|25.7|13.0|8|021|A|0|1|5|0|0|2|2016-03-07 03:10:09|2016-03-07 03:09:37|121.509483|31.193618|0.0|331.0|9|000
23454|A|0|0|0|0|0|1|2016-03-07 02:57:50|2016-03-07 02:57:31|121.470795|31.225850|21.8|330.0|9|019|A|0|1|1|0|1|2|2016-03-07 03:10:16|2016-03-07 03:09:57|121.443332|31.257362|0.0|358.0|8|000
23824|A|0|0|0|0|0|1|2016-03-07 03:10:10|2016-03-07 03:09:35|121.440292|31.329382|50.7|71.0|8|044|A|0|1|5|0|0|2|2016-03-07 03:10:19|2016-03-07 03:09:47|121.509483|31.193618|0.0|331.0|9|000
25910|A|0|0|0|0|0|1|2016-03-07 02:24:20|2016-03-07 02:24:01|121.801398|31.150850|12.8|129.0|8|000|A|0|1|1|0|0|2|2016-03-07 03:10:22|2016-03-07 03:10:03|121.453368|31.210717|0.0|11.0|9|000
26397|A|0|0|0|0|0|1|2016-03-07 03:07:49|2016-03-07 03:07:30|121.419197|31.210595|24.5|184.0|4|020|A|0|1|1|0|0|2|2016-03-07 03:10:25|2016-03-07 03:10:06|121.425398|31.205262|0.0|141.0|6|000
23824|A|0|0|0|0|0|1|2016-03-07 03:10:23|2016-03-07 03:09:45|121.441633|31.329783|39.5|68.0|8|042|A|0|1|5|0|0|2|2016-03-07 03:10:29|2016-03-07 03:09:57|121.509483|31.193618|0.0|331.0|10|000
23334|A|0|0|0|0|0|1|2016-03-07 03:05:51|2016-03-07 03:05:29|121.334008|31.243483|12.2|79.0|10|010|A|0|1|1|0|0|2|2016-03-07 03:10:31|2016-03-07 03:10:06|121.358118|31.247435|0.0|31.0|10|000
23824|A|0|0|0|0|0|1|2016-03-07 03:10:38|2016-03-07 03:10:05|121.444102|31.330685|29.6|65.0|8|035|A|0|1|5|0|0|2|2016-03-07 03:10:39|2016-03-07 03:10:07|121.509483|31.193618|0.0|331.0|10|000
17507|A|0|0|V|0|1|1|2016-03-07 00:53:57|2016-03-07 00:49:18|121.386147|31.209462|35.7|358.0|0|045|A|0|1|V|0|0|2|2016-03-07 03:10:41|2010-01-01|121.386147|31.209462|0.0|0.0|0|000
26290|A|0|0|0|0|0|1|2016-03-07 02:49:02|2016-03-07 02:48:43|121.481257|31.304417|22.6|162.0|8|008|A|0|1|1|0|0|2|2016-03-07 03:10:41|2016-03-07 03:10:21|121.349622|31.246728|8.5|200.0|9|005
16159|A|0|0|0|0|0|1|2016-03-07 00:10:20|2016-03-07 00:09:59|121.432765|31.197447|24.0|75.0|9|028|A|0|1|1|0|0|2|2016-03-07 03:10:59|2016-03-07 02:52:18|121.405283|31.076407|70.0|158.0|10|070
26260|A|0|0|0|0|0|1|2016-03-07 02:44:27|2016-03-07 02:44:08|121.444457|31.213715|15.8|23.0|9|013|A|0|1|1|0|1|2|2016-03-07 03:11:13|2016-03-07 03:10:51|121.396677|31.241053|0.0|43.0|9|000
23824|A|0|0|0|0|0|1|2016-03-07 03:11:38|2016-03-07 03:10:15|121.444488|31.330812|4.8|70.0|7|004|A|0|1|5|0|0|2|2016-03-07 03:11:40|2016-03-07 03:11:07|121.509483|31.193618|0.0|331.0|9|000
23824|A|0|0|0|0|0|1|2016-03-07 03:11:40|2016-03-07 03:10:25|121.444597|31.330852|11.7|66.0|8|010|A|0|1|5|0|0|2|2016-03-07 03:11:49|2016-03-07 03:11:17|121.509483|31.193618|0.0|331.0|10|000
26245|A|0|0|0|0|1|1|2016-03-07 03:00:46|2016-03-07 03:00:27|121.443140|31.222975|20.8|71.0|7|017|A|0|1|1|0|0|2|2016-03-07 03:11:50|2016-03-07 03:11:31|121.516775|31.231528|0.0|167.0|5|000
25796|A|0|0|0|0|0|1|2016-03-07 03:02:09|2016-03-07 03:01:50|121.412665|31.220073|14.5|231.0|7|008|A|0|1|1|0|1|2|2016-03-07 03:11:51|2016-03-07 03:11:32|121.370383|31.219992|0.0|210.0|5|000
23824|A|0|0|0|0|0|1|2016-03-07 03:11:59|2016-03-07 03:11:25|121.450377|31.332758|6.9|58.0|8|011|A|0|1|5|0|0|2|2016-03-07 03:11:59|2016-03-07 03:11:27|121.509483|31.193618|0.0|331.0|9|000
25753|A|0|0|0|0|0|1|2016-03-07 03:02:17|2016-03-07 03:01:58|121.481312|31.304803|26.1|160.0|4|019|A|0|1|0|0|0|2|2016-03-07 03:12:03|2016-03-07 03:11:44|121.427585|31.250082|26.0|154.0|4|017
26366|A|0|0|0|0|0|1|2016-03-07 03:08:08|2016-03-07 03:07:49|121.517982|31.282525|10.6|71.0|9|006|A|0|1|1|0|0|2|2016-03-07 03:12:04|2016-03-07 03:11:45|121.535052|31.289072|0.0|41.0|9|000
23442|A|0|0|0|0|0|1|2016-03-07 03:11:34|2016-03-07 03:11:15|121.388455|31.067162|0.0|16.0|7|000|A|0|1|1|0|0|2|2016-03-07 03:12:08|2016-03-07 03:11:49|121.388455|31.067162|0.0|16.0|7|000
23824|A|0|0|0|0|0|1|2016-03-07 03:12:09|2016-03-07 03:11:35|121.450422|31.332782|0.0|59.0|7|000|A|0|1|5|0|0|2|2016-03-07 03:12:09|2016-03-07 03:11:37|121.509483|31.193618|0.0|331.0|9|000
23759|A|0|0|0|0|0|1|2016-03-07 03:02:05|2016-03-07 03:01:46|121.458227|31.261078|17.9|137.0|8|005|A|0|1|1|0|0|2|2016-03-07 03:12:19|2016-03-07 03:11:59|121.488892|31.274498|0.0|32.0|8|000
23824|A|0|0|0|0|0|1|2016-03-07 03:12:25|2016-03-07 03:11:45|121.450598|31.332922|21.9|36.0|8|018|A|0|1|5|0|0|2|2016-03-07 03:12:29|2016-03-07 03:11:57|121.509483|31.193618|0.0|331.0|9|000
26955|A|0|0|0|0|0|1|2016-03-07 01:15:55|2016-03-07 01:15:27|121.486977|31.264685|20.2|92.0|8|016|A|0|1|0|0|1|2|2016-03-07 03:12:46|2016-03-07 03:12:17|121.479348|31.327083|6.6|347.0|10|007
23487|A|0|0|0|0|0|1|2016-03-07 02:55:27|2016-03-07 02:55:08|121.447318|31.247718|19.7|76.0|6|013|A|0|1|1|0|0|2|2016-03-07 03:12:48|2016-03-07 03:12:29|121.523895|31.168168|0.0|143.0|7|000
20655|A|0|0|0|0|0|1|2016-03-07 03:01:52|2016-03-07 03:01:33|121.490055|31.303447|19.1|17.0|7|017|A|0|1|1|0|1|2|2016-03-07 03:12:48|2016-03-07 03:12:29|121.528808|31.326237|0.0|0.0|5|000
20586|A|0|0|1|0|1|1|2016-03-07 03:00:51|2016-03-07 03:00:31|121.421375|31.302305|25.3|92.0|8|022|A|0|1|1|0|1|2|2016-03-07 03:13:02|2016-03-07 03:12:43|121.385493|31.341355|0.0|244.0|9|000
25795|A|0|0|0|0|0|1|2016-03-07 02:52:19|2016-03-07 02:52:00|121.512303|31.276635|23.5|255.0|9|020|A|0|1|0|0|0|2|2016-03-07 03:13:05|2016-03-07 03:12:45|121.458867|31.255505|0.0|263.0|9|000
26180|A|0|0|1|0|0|1|2016-03-07 02:56:45|2016-03-07 02:56:25|121.444088|31.312085|22.4|3.0|6|019|A|0|1|1|0|0|2|2016-03-07 03:13:19|2016-03-07 03:12:54|121.369343|31.310202|0.0|292.0|7|000
23824|A|0|0|0|0|0|1|2016-03-07 03:13:23|2016-03-07 03:11:59|121.450295|31.334128|41.6|338.0|7|041|A|0|1|5|0|0|2|2016-03-07 03:13:29|2016-03-07 03:12:57|121.509483|31.193618|0.0|331.0|9|000
23824|A|0|0|0|0|0|1|2016-03-07 03:13:38|2016-03-07 03:13:09|121.446668|31.340168|39.9|332.0|7|040|A|0|1|5|0|0|2|2016-03-07 03:13:38|2016-03-07 03:13:07|121.509483|31.193618|0.0|331.0|9|000
23586|A|0|0|0|0|0|1|2016-03-07 03:06:02|2016-03-07 03:05:43|121.386173|31.207727|21.8|174.0|8|020|A|0|1|1|0|0|2|2016-03-07 03:13:39|2016-03-07 03:09:04|121.383733|31.202430|13.5|182.0|8|012
23586|A|0|0|0|0|0|1|2016-03-07 03:13:39|2016-03-07 03:09:06|121.383738|31.202353|16.0|178.0|7|015|A|0|1|1|0|0|2|2016-03-07 03:13:39|2016-03-07 03:09:08|121.383733|31.202268|17.9|187.0|8|017
26056|A|0|0|1|0|0|1|2016-03-07 03:13:19|2016-03-07 03:12:59|121.530447|31.320200|37.0|90.0|6|036|A|0|1|0|0|0|2|2016-03-07 03:13:40|2016-03-07 03:13:21|121.532667|31.320202|30.1|90.0|8|029
26315|A|0|0|0|0|0|1|2016-03-07 03:11:30|2016-03-07 03:11:11|121.453043|31.226038|0.0|266.0|8|000|A|0|1|5|0|0|2|2016-03-07 03:13:42|2016-03-07 03:13:23|121.453038|31.226033|0.0|266.0|8|000
23531|A|0|0|0|0|0|1|2016-03-07 03:00:19|2016-03-07 03:00:00|121.555022|31.193158|14.9|165.0|10|014|A|0|1|1|0|0|2|2016-03-07 03:13:49|2016-03-07 03:13:29|121.629817|31.199385|0.0|65.0|9|000
23824|A|0|0|0|0|0|1|2016-03-07 03:13:49|2016-03-07 03:13:19|121.446202|31.340975|33.0|334.0|9|032|A|0|1|5|0|0|2|2016-03-07 03:13:49|2016-03-07 03:13:17|121.509483|31.193618|0.0|331.0|10|000
23531|A|0|0|0|0|0|1|2016-03-07 03:13:50|2016-03-07 03:13:31|121.629817|31.199385|0.0|65.0|9|000|A|0|1|1|0|0|2|2016-03-07 03:13:51|2016-03-07 03:13:32|121.629817|31.199385|0.0|65.0|9|000
26039|A|0|0|0|0|0|1|2016-03-07 03:02:57|2016-03-07 03:02:38|121.435223|31.241855|12.6|227.0|8|013|A|0|1|1|0|0|2|2016-03-07 03:13:55|2016-03-07 03:13:36|121.468988|31.204638|0.0|257.0|9|000
26145|A|0|0|0|0|0|1|2016-03-07 03:11:05|2016-03-07 03:10:46|121.387878|31.182913|17.4|147.0|8|015|A|0|1|1|0|1|2|2016-03-07 03:13:55|2016-03-07 03:13:36|121.386420|31.176363|25.5|258.0|7|029
23570|A|0|0|0|0|0|1|2016-03-07 03:07:45|2016-03-07 03:07:26|121.442268|31.207017|13.2|196.0|8|007|A|0|1|1|0|0|2|2016-03-07 03:13:57|2016-03-07 03:13:38|121.466370|31.207498|0.0|89.0|6|000
23824|A|0|0|0|0|0|1|2016-03-07 03:13:58|2016-03-07 03:13:29|121.445858|31.341472|6.2|339.0|9|008|A|0|1|5|0|0|2|2016-03-07 03:13:59|2016-03-07 03:13:27|121.509483|31.193618|0.0|331.0|10|000
23506|A|0|0|0|0|0|1|2016-03-07 02:35:48|2016-03-07 02:35:29|121.803153|31.153403|0.0|85.0|3|000|A|0|1|5|0|0|2|2016-03-07 03:14:07|2016-03-07 03:13:48|121.539543|31.063043|0.0|48.0|6|005
23532|A|0|0|0|0|0|1|2016-03-07 03:05:13|2016-03-07 03:04:54|121.519835|31.295260|14.9|245.0|7|015|A|0|1|1|0|0|2|2016-03-07 03:14:16|2016-03-07 03:13:57|121.498500|31.261295|0.0|234.0|7|000
26353|A|0|0|0|0|0|1|2016-03-07 03:14:12|2016-03-07 03:13:53|121.437942|31.243897|6.9|324.0|8|007|A|0|1|1|0|0|2|2016-03-07 03:14:16|2016-03-07 03:13:57|121.437788|31.244002|22.8|310.0|9|019
23824|A|0|0|0|0|0|1|2016-03-07 03:14:09|2016-03-07 03:13:35|121.445840|31.341697|21.6|9.0|9|019|A|0|1|5|0|0|2|2016-03-07 03:14:18|2016-03-07 03:13:47|121.509483|31.193618|0.0|331.0|10|000
23532|A|0|0|0|0|0|1|2016-03-07 03:14:18|2016-03-07 03:13:59|121.498497|31.261283|8.4|227.0|7|006|A|0|1|1|0|0|2|2016-03-07 03:14:19|2016-03-07 03:14:00|121.498487|31.261275|11.1|224.0|7|009
25691|A|0|0|1|0|0|1|2016-03-07 03:00:15|2016-03-07 02:59:56|121.457035|31.275810|11.0|318.0|9|011-|A|0|1|1|0|0|2|2016-03-07 03:14:32|2016-03-07 03:14:13|121.462663|31.319760|0.0|10.0|8|000
20661|A|0|0|0|0|0|1|2016-03-07 03:04:05|2016-03-07 03:03:46|121.462845|31.259287|30.7|169.0|8|030|A|0|1|1|0|0|2|2016-03-07 03:14:43|2016-03-07 03:14:24|121.444910|31.241372|0.0|143.0|9|000
23808|A|0|0|0|0|0|1|2016-03-07 03:04:59|2016-03-07 03:04:40|121.506530|31.306417|0.0|112.0|7|000|A|0|1|1|0|0|2|2016-03-07 03:14:55|2016-03-07 03:14:15|121.506500|31.306417|0.0|0.0|8|000
26220|A|0|0|0|0|0|1|2016-03-07 03:11:20|2016-03-07 03:11:01|121.666972|31.278438|24.6|63.0|9|024|A|0|1|0|0|1|2|2016-03-07 03:14:56|2016-03-07 03:14:35|121.671282|31.277902|0.0|249.0|9|000
23910|A|0|0|0|0|0|1|2016-03-07 03:05:45|2016-03-07 03:05:26|121.420328|31.250358|14.9|153.0|7|014|A|0|1|1|0|0|2|2016-03-07 03:14:57|2016-03-07 03:14:38|121.367405|31.257160|3.5|105.0|7|000
26315|A|0|0|0|0|0|1|2016-03-07 03:13:48|2016-03-07 03:13:29|121.453038|31.226033|0.0|266.0|9|000|A|0|1|5|0|0|2|2016-03-07 03:14:58|2016-03-07 03:14:39|121.453043|31.226018|0.0|266.0|9|000
26191|A|0|0|0|0|0|1|2016-03-07 03:06:31|2016-03-07 03:06:12|121.429707|31.239537|20.0|68.0|5|018|A|0|1|0|0|0|2|2016-03-07 03:15:16|2016-03-07 03:14:57|121.420445|31.238083|0.0|153.0|5|000
23794|A|0|0|0|0|0|1|2016-03-07 03:05:55|2016-03-07 03:05:36|121.476402|31.229185|8.7|233.0|6|006|A|0|1|1|0|0|2|2016-03-07 03:15:17|2016-03-07 03:14:58|121.472322|31.259518|0.0|330.0|7|000
23914|A|0|0|0|0|0|1|2016-03-07 03:03:40|2016-03-07 03:01:46|121.508578|31.268758|24.3|140.0|7|023|A|0|1|1|0|0|2|2016-03-07 03:15:38|2016-03-07 03:15:18|121.477758|31.231285|0.0|176.0|4|000
23824|A|0|0|0|0|0|1|2016-03-07 03:15:39|2016-03-07 03:15:20|121.447418|31.342423|15.8|251.0|9|014|A|0|1|5|0|0|2|2016-03-07 03:15:39|2016-03-07 03:15:07|121.509483|31.193617|0.0|331.0|10|000
23824|A|0|0|0|0|0|1|2016-03-07 03:15:49|2016-03-07 03:15:30|121.446638|31.342108|38.8|246.0|9|037|A|0|1|5|0|0|2|2016-03-07 03:15:59|2016-03-07 03:15:27|121.509483|31.193617|0.0|331.0|10|000
26275|A|0|0|1|0|0|1|2016-03-07 03:07:12|2016-03-07 03:06:53|121.462337|31.271522|31.1|235.0|8|030|A|0|1|1|0|1|2|2016-03-07 03:16:03|2016-03-07 03:15:42|121.461612|31.244740|0.0|231.0|7|000
23824|A|0|0|0|0|0|1|2016-03-07 03:15:59|2016-03-07 03:15:40|121.445527|31.341722|43.3|248.0|9|042|A|0|1|5|0|0|2|2016-03-07 03:16:09|2016-03-07 03:15:37|121.509483|31.193617|0.0|331.0|9|000
25987|A|0|0|0|0|0|1|2016-03-07 03:09:18|2016-03-07 03:08:59|121.479772|31.241228|20.7|344.0|8|019|A|0|1|1|0|1|2|2016-03-07 03:16:10|2016-03-07 03:15:51|121.483803|31.256058|0.0|49.0|8|000
23824|A|0|0|0|0|0|1|2016-03-07 03:16:09|2016-03-07 03:15:50|121.444103|31.341208|61.5|247.0|9|060|A|0|1|5|0|0|2|2016-03-07 03:16:19|2016-03-07 03:15:47|121.509483|31.193617|0.0|331.0|10|000
25870|A|0|0|0|0|0|1|2016-03-07 03:11:50|2016-03-07 03:11:31|121.408620|31.171527|20.4|255.0|10|000|A|0|1|1|0|1|2|2016-03-07 03:16:22|2016-03-07 03:16:03|121.408268|31.157578|0.0|168.0|9|000
23638|A|0|0|0|0|0|1|2016-03-07 02:58:52|2016-03-07 02:58:33|121.360700|31.182535|27.4|69.0|8|027|A|0|1|1|0|0|2|2016-03-07 03:16:25|2016-03-07 03:16:06|121.418147|31.173367|11.6|249.0|9|011
23824|A|0|0|0|0|0|1|2016-03-07 03:16:19|2016-03-07 03:16:00|121.442485|31.340635|54.0|247.0|9|053|A|0|1|5|0|0|2|2016-03-07 03:16:29|2016-03-07 03:15:57|121.509483|31.193617|0.0|331.0|8|000
23638|A|0|0|0|0|0|1|2016-03-07 03:16:28|2016-03-07 03:16:09|121.418040|31.173310|16.1|236.0|9|016|A|0|1|1|0|0|2|2016-03-07 03:16:30|2016-03-07 03:16:11|121.417930|31.173277|21.4|254.0|8|021
26363|A|0|0|0|0|0|1|2016-03-07 02:56:52|2016-03-07 02:56:33|121.468442|31.275410|19.4|94.0|7|017|A|0|1|1|0|0|2|2016-03-07 03:16:38|2016-03-07 03:16:19|121.493743|31.212872|6.7|182.0|6|000
23824|A|0|0|0|0|0|1|2016-03-07 03:16:29|2016-03-07 03:16:10|121.440975|31.340110|44.8|248.0|9|045|A|0|1|5|0|0|2|2016-03-07 03:16:39|2016-03-07 03:16:07|121.509483|31.193617|0.0|331.0|9|000
23841|A|0|0|0|0|0|1|2016-03-07 03:09:38|2016-03-07 03:09:19|121.397660|31.246785|15.5|193.0|8|013|A|0|1|1|0|0|2|2016-03-07 03:16:53|2016-03-07 03:16:34|121.364812|31.251045|0.0|286.0|9|000
25735|A|0|0|0|0|0|1|2016-03-07 03:10:44|2016-03-07 03:10:25|121.412717|31.219977|30.9|250.0|7|011|A|0|1|1|0|0|2|2016-03-07 03:16:56|2016-03-07 03:16:32|121.396055|31.234017|10.0|269.0|7|006
20660|A|0|0|0|0|0|1|2016-03-07 02:37:02|2016-03-07 02:36:42|121.462815|31.236965|13.6|68.0|7|013|A|0|1|1|0|1|2|2016-03-07 03:16:58|2016-03-07 03:16:39|121.749910|31.201157|0.0|271.0|10|000
26315|A|0|0|0|0|0|1|2016-03-07 03:16:22|2016-03-07 03:16:03|121.453043|31.226018|0.0|266.0|8|000|A|0|1|5|0|0|2|2016-03-07 03:17:07|2016-03-07 03:16:48|121.453040|31.226017|0.0|266.0|8|000
23870|A|0|0|0|0|0|1|2016-03-07 02:57:56|2016-03-07 02:57:37|121.450495|31.232975|14.7|157.0|7|012|A|0|1|1|0|0|2|2016-03-07 03:17:11|2016-03-07 03:16:52|121.530127|31.238543|0.0|134.0|7|000
25835|A|0|0|0|0|0|1|2016-03-07 03:13:30|2016-03-07 03:13:11|121.534932|31.286200|31.6|238.0|10|025|A|0|1|1|0|1|2|2016-03-07 03:17:11|2016-03-07 03:16:52|121.535703|31.299908|0.0|56.0|9|000
26357|A|0|0|0|0|0|1|2016-03-07 03:09:40|2016-03-07 03:09:21|121.431218|31.226855|14.3|80.0|9|013|A|0|1|1|0|0|2|2016-03-07 03:17:25|2016-03-07 03:17:06|121.436485|31.212860|0.0|175.0|9|000
23412|A|0|0|0|0|0|1|2016-03-07 03:11:43|2016-03-07 03:11:22|121.452202|31.269585|24.4|250.0|9|014|A|0|1|1|0|0|2|2016-03-07 03:17:46|2016-03-07 03:17:27|121.438175|31.266475|12.4|82.0|8|011
23824|A|0|0|0|0|0|1|2016-03-07 03:17:46|2016-03-07 03:16:18|121.440308|31.339725|23.4|215.0|8|026|A|0|1|5|0|0|2|2016-03-07 03:17:48|2016-03-07 03:17:17|121.509483|31.193617|0.0|331.0|10|000
23412|A|0|0|0|0|0|1|2016-03-07 03:17:47|2016-03-07 03:17:28|121.438210|31.266497|13.8|60.0|8|013|A|0|1|1|0|0|2|2016-03-07 03:17:49|2016-03-07 03:17:30|121.438297|31.266552|19.6|50.0|8|019
23824|A|0|0|0|0|0|1|2016-03-07 03:17:50|2016-03-07 03:17:31|121.438220|31.333648|4.8|239.0|9|008|A|0|1|5|0|0|2|2016-03-07 03:17:59|2016-03-07 03:17:27|121.509483|31.193617|0.0|331.0|10|000
17057|A|0|0|0|0|0|1|2016-03-07 02:15:08|2016-03-07 02:14:49|121.391210|31.182927|32.1|246.0|6|029|A|0|1|1|0|1|2|2016-03-07 03:18:02|2016-03-07 03:17:43|121.431858|31.242752|0.0|313.0|6|000
20621|A|0|0|0|0|0|1|2016-03-07 03:14:17|2016-03-07 03:13:58|121.359913|31.178045|9.6|58.0|9|010|A|0|1|1|0|0|2|2016-03-07 03:18:09|2016-03-07 03:17:50|121.382010|31.178885|0.0|94.0|8|000
23824|A|0|0|0|0|0|1|2016-03-07 03:18:01|2016-03-07 03:17:41|121.438198|31.333637|0.0|239.0|8|000|A|0|1|5|0|0|2|2016-03-07 03:18:09|2016-03-07 03:17:37|121.509483|31.193617|0.0|331.0|10|000
23824|A|0|0|0|0|0|1|2016-03-07 03:18:10|2016-03-07 03:17:51|121.437880|31.333452|18.9|240.0|9|018|A|0|1|5|0|0|2|2016-03-07 03:18:19|2016-03-07 03:17:47|121.509483|31.193617|0.0|331.0|10|000
23824|A|0|0|0|0|0|1|2016-03-07 03:18:20|2016-03-07 03:18:01|121.437450|31.333250|12.6|241.0|9|013|A|0|1|5|0|0|2|2016-03-07 03:18:29|2016-03-07 03:17:57|121.509483|31.193617|0.0|331.0|10|000
23824|A|0|0|0|0|0|1|2016-03-07 03:18:30|2016-03-07 03:18:11|121.437253|31.333148|3.5|229.0|8|000|A|0|1|5|0|0|2|2016-03-07 03:18:39|2016-03-07 03:18:07|121.509483|31.193617|0.0|331.0|10|000
23824|A|0|0|0|0|0|1|2016-03-07 03:18:40|2016-03-07 03:18:21|121.437080|31.333068|3.1|237.0|6|000|A|0|1|5|0|0|2|2016-03-07 03:18:48|2016-03-07 03:18:17|121.509483|31.193617|0.0|331.0|9|000
17955|A|0|0|0|0|1|1|2016-03-07 01:20:06|2016-03-07 01:19:25|121.399940|31.135083|0.0|336.0|8|000|A|0|1|V|0|0|2|2016-03-07 03:18:56|2010-01-01|121.417982|31.127190|0.0|0.0|0|000
23824|A|0|0|0|0|0|1|2016-03-07 03:18:50|2016-03-07 03:18:31|121.437080|31.333068|0.0|237.0|7|000|A|0|1|5|0|0|2|2016-03-07 03:18:59|2016-03-07 03:18:27|121.509483|31.193617|0.0|331.0|9|000
26258|A|0|0|0|0|0|1|2016-03-07 03:09:57|2016-03-07 03:09:38|121.425360|31.169963|21.5|87.0|8|021|A|0|1|0|0|1|2|2016-03-07 03:19:03|2016-03-07 03:18:43|121.416557|31.214608|14.1|83.0|7|013
23334|A|0|0|0|0|0|1|2016-03-07 03:13:32|2016-03-07 03:13:13|121.357802|31.242308|13.3|304.0|9|012|A|0|1|1|0|0|2|2016-03-07 03:19:04|2016-03-07 03:18:45|121.361390|31.258163|0.0|105.0|9|000
26315|A|0|0|0|0|0|1|2016-03-07 03:18:03|2016-03-07 03:17:44|121.453040|31.226017|0.0|266.0|8|000|A|0|1|5|0|0|2|2016-03-07 03:19:04|2016-03-07 03:18:45|121.453042|31.226017|0.0|266.0|8|000
23824|A|0|0|0|0|0|1|2016-03-07 03:19:01|2016-03-07 03:18:41|121.437080|31.333068|4.0|237.0|7|000|A|0|1|5|0|0|2|2016-03-07 03:19:09|2016-03-07 03:18:37|121.509483|31.193617|0.0|331.0|10|000
25852|A|0|0|0|0|0|1|2016-03-07 02:56:32|2016-03-07 02:56:13|121.460247|31.276167|12.7|341.0|7|014|A|0|1|1|0|0|2|2016-03-07 03:19:11|2016-03-07 03:18:52|121.448497|31.342782|0.0|259.0|6|000
26031|A|0|0|0|0|0|1|2016-03-07 02:37:37|2016-03-07 02:37:18|121.440547|31.339207|25.8|162.0|9|025|A|0|1|1|0|1|2|2016-03-07 03:19:12|2016-03-07 03:18:53|121.410438|31.096412|0.0|97.0|8|000
26353|A|0|0|0|0|0|1|2016-03-07 03:16:04|2016-03-07 03:15:45|121.436917|31.244688|0.0|319.0|8|000|A|0|1|5|0|0|2|2016-03-07 03:19:18|2016-03-07 03:18:59|121.431105|31.239918|9.0|160.0|7|008
23824|A|0|0|0|0|0|1|2016-03-07 03:19:14|2016-03-07 03:18:55|121.436948|31.332442|32.5|167.0|6|027|A|0|1|5|0|0|2|2016-03-07 03:19:19|2016-03-07 03:18:47|121.509483|31.193617|0.0|331.0|9|000
23824|A|0|0|0|0|0|1|2016-03-07 03:19:24|2016-03-07 03:19:05|121.437358|31.331573|42.6|159.0|8|039|A|0|1|5|0|0|2|2016-03-07 03:19:29|2016-03-07 03:18:57|121.509483|31.193618|0.0|331.0|10|000
25911|A|0|0|0|0|0|1|2016-03-07 03:16:59|2016-03-07 03:16:40|121.153183|31.297117|21.0|268.0|7|018|A|0|1|5|0|1|2|2016-03-07 03:19:29|2016-03-07 03:19:10|121.146285|31.310663|0.0|11.0|7|000
23824|A|0|0|0|0|0|1|2016-03-07 03:19:34|2016-03-07 03:19:15|121.437887|31.330505|43.4|158.0|9|044|A|0|1|5|0|0|2|2016-03-07 03:19:40|2016-03-07 03:19:07|121.509483|31.193618|0.0|331.0|10|000
26297|A|0|0|0|0|0|1|2016-03-07 03:15:01|2016-03-07 03:14:42|121.343735|31.157420|14.0|345.0|10|000|A|0|1|1|0|0|2|2016-03-07 03:19:40|2016-03-07 03:19:21|121.337835|31.147533|0.0|156.0|9|000
23676|A|0|0|0|0|0|1|2016-03-07 03:10:31|2016-03-07 03:10:12|121.476630|31.225833|27.9|335.0|7|027|A|0|1|1|0|0|2|2016-03-07 03:19:45|2016-03-07 03:19:16|121.445390|31.188140|6.9|341.0|7|019
23669|A|0|0|0|0|0|1|2016-03-07 03:12:01|2016-03-07 03:11:41|121.468285|31.275432|30.6|229.0|7|027|A|0|1|1|0|1|2|2016-03-07 03:19:45|2016-03-07 03:19:26|121.443052|31.258198|2.9|340.0|6|007
20538|A|0|0|0|0|0|1|2016-03-07 03:12:09|2016-03-07 03:11:50|121.435287|31.262240|29.5|51.0|7|028|A|0|1|1|0|0|2|2016-03-07 03:19:48|2016-03-07 03:19:29|121.463040|31.272437|0.0|138.0|5|000
23824|A|0|0|0|0|0|1|2016-03-07 03:19:44|2016-03-07 03:19:25|121.438225|31.329678|29.1|160.0|8|031|A|0|1|5|0|0|2|2016-03-07 03:19:49|2016-03-07 03:19:17|121.509483|31.193618|0.0|331.0|10|000
26383|A|0|0|0|0|0|1|2016-03-07 02:56:52|2016-03-07 02:56:33|121.442997|31.222942|13.5|78.0|8|000|A|0|1|1|0|0|2|2016-03-07 03:19:57|2016-03-07 03:19:38|121.396577|31.323373|0.0|294.0|9|000
23824|A|0|0|0|0|0|1|2016-03-07 03:19:55|2016-03-07 03:19:35|121.438512|31.329038|32.5|158.0|7|030|A|0|1|5|0|0|2|2016-03-07 03:19:59|2016-03-07 03:19:27|121.509483|31.193618|0.0|331.0|10|000
26374|A|0|0|0|0|0|1|2016-03-07 03:13:55|2016-03-07 03:13:36|121.447855|31.311953|38.3|359.0|8|037|A|0|1|1|0|0|2|2016-03-07 03:19:59|2016-03-07 03:19:40|121.455243|31.334555|0.0|345.0|8|001
20700|A|0|0|0|0|0|1|2016-03-07 03:14:39|2016-03-07 03:14:20|121.479423|31.171390|17.9|347.0|4|023|A|0|1|1|0|1|2|2016-03-07 03:20:02|2016-03-07 03:19:43|121.474455|31.181993|0.0|246.0|5|000
26295|A|0|0|1|0|0|1|2016-03-07 03:14:29|2016-03-07 03:14:10|121.474237|31.228143|13.3|240.0|7|000|A|0|1|1|0|0|2|2016-03-07 03:20:06|2016-03-07 03:19:47|121.450783|31.240218|3.1|354.0|9|000
26374|A|0|0|0|0|0|1|2016-03-07 03:20:01|2016-03-07 03:19:41|121.455240|31.334557|0.0|345.0|8|001|A|0|1|1|0|0|2|2016-03-07 03:20:11|2016-03-07 03:19:52|121.455180|31.334485|7.6|140.0|7|007
20624|A|0|0|0|0|0|1|2016-03-07 03:03:12|2016-03-07 03:02:53|121.480735|31.336378|22.8|120.0|9|022|A|0|1|1|0|1|2|2016-03-07 03:20:23|2016-03-07 03:20:04|121.512880|31.276425|0.0|301.0|6|000
23857|A|0|0|0|0|0|1|2016-03-07 03:11:42|2016-03-07 03:11:23|121.497183|31.260005|16.4|43.0|2|000|A|0|1|1|0|0|2|2016-03-07 03:20:32|2016-03-07 03:20:13|121.513502|31.279237|0.0|137.0|4|000
26199|A|0|0|0|0|0|1|2016-03-07 03:07:24|2016-03-07 03:07:05|121.466715|31.207700|11.4|327.0|7|011|A|0|1|1|0|1|2|2016-03-07 03:20:45|2016-03-07 03:20:26|121.446832|31.186048|0.0|338.0|6|000
25924|A|0|0|0|0|0|1|2016-03-07 03:17:18|2016-03-07 03:16:59|121.259077|31.115555|8.7|269.0|7|004|A|0|1|0|0|1|2|2016-03-07 03:20:48|2016-03-07 03:20:29|121.250205|31.102082|0.0|160.0|6|000
23908|A|0|0|0|0|0|1|2016-03-07 03:08:21|2016-03-07 03:08:02|121.456082|31.204885|26.7|263.0|6|017|A|0|1|1|0|0|2|2016-03-07 03:20:53|2016-03-07 03:20:34|121.429593|31.237027|0.0|180.0|8|000
26199|A|0|0|0|0|1|1|2016-03-07 03:20:47|2016-03-07 03:20:28|121.446832|31.186048|0.0|338.0|5|000|A|0|1|1|0|1|2|2016-03-07 03:20:54|2016-03-07 03:20:30|121.446832|31.186048|0.0|338.0|5|000
26196|A|0|0|0|0|0|1|2016-03-07 03:21:02|2016-03-07 03:20:43|121.405600|31.360147|0.0|71.0|9|000|A|0|1|5|0|0|2|2016-03-07 03:21:04|2016-03-07 03:20:45|121.405600|31.360147|0.0|92.0|9|000
26080|A|0|0|1|0|0|1|2016-03-07 03:08:34|2016-03-07 03:08:14|121.439493|31.225760|19.6|286.0|7|020|A|0|1|0|0|0|2|2016-03-07 03:21:07|2016-03-07 03:20:47|121.417145|31.201878|0.0|226.0|9|000
25924|A|0|0|0|0|0|1|2016-03-07 03:21:15|2016-03-07 03:20:56|121.250097|31.102562|31.8|346.0|8|019|A|0|1|1|0|0|2|2016-03-07 03:21:17|2016-03-07 03:20:58|121.250090|31.102685|32.1|359.0|8|025
26030|A|0|0|0|0|0|1|2016-03-07 02:56:52|2016-03-07 02:56:33|121.432680|31.232438|18.6|75.0|7|017|A|0|1|1|0|0|2|2016-03-07 03:21:28|2016-03-07 03:21:09|121.310230|31.311468|0.0|66.0|7|000
25700|A|0|0|0|0|0|1|2016-03-07 03:08:03|2016-03-07 03:07:44|121.513882|31.303248|11.7|313.0|8|009|A|0|1|0|0|0|2|2016-03-07 03:21:30|2016-03-07 03:21:11|121.579900|31.262057|0.0|215.0|9|000
26346|A|0|0|0|0|0|1|2016-03-07 03:03:43|2016-03-07 03:03:24|121.474845|31.229133|16.9|328.0|8|016|A|0|1|1|0|0|2|2016-03-07 03:21:32|2016-03-07 03:21:13|121.354250|31.173668|0.0|244.0|8|000
26346|A|0|0|0|0|0|1|2016-03-07 03:21:33|2016-03-07 03:21:14|121.354250|31.173668|0.0|244.0|8|000|A|0|1|1|0|0|2|2016-03-07 03:21:34|2016-03-07 03:21:15|121.354250|31.173668|0.0|244.0|8|000
23509|A|0|0|0|0|0|1|2016-03-07 03:10:19|2016-03-07 03:10:00|121.351915|31.174097|22.2|334.0|10|017|A|0|1|1|0|0|2|2016-03-07 03:21:37|2016-03-07 03:21:18|121.413205|31.203205|0.0|69.0|8|000
26448|A|0|0|0|0|0|1|2016-03-07 03:13:21|2016-03-07 03:13:02|121.458782|31.233675|15.9|57.0|9|015|A|0|1|1|0|0|2|2016-03-07 03:21:42|2016-03-07 03:21:23|121.442398|31.207223|5.9|220.0|8|005
23431|A|0|0|0|0|0|1|2016-03-07 03:07:56|2016-03-07 03:07:37|121.659907|31.239915|10.2|32.0|7|008|A|0|1|1|0|0|2|2016-03-07 03:21:50|2016-03-07 03:21:31|121.659912|31.239898|0.0|77.0|7|000
20566|A|0|0|0|0|0|1|2016-03-07 03:19:06|2016-03-07 03:18:47|121.444347|31.209717|29.6|32.0|10|022|A|0|1|1|0|1|2|2016-03-07 03:21:58|2016-03-07 03:21:39|121.457480|31.208043|5.2|171.0|9|000
26315|A|0|0|0|0|0|1|2016-03-07 03:20:06|2016-03-07 03:19:47|121.453042|31.226017|0.0|266.0|7|000|A|0|1|5|0|0|2|2016-03-07 03:22:08|2016-03-07 03:21:49|121.453042|31.226020|0.0|266.0|7|000
26341|A|0|0|V|0|0|1|2016-03-07 02:15:42|2016-03-07 02:15:20|121.442012|31.223167|61.5|77.0|0|000|A|0|1|V|0|0|2|2016-03-07 03:22:14|2016-03-07 03:21:52|121.459162|31.221847|69.7|77.0|0|000
26227|A|0|0|0|0|0|1|2016-03-07 03:06:20|2016-03-07 03:06:01|121.475373|31.228328|7.6|309.0|8|006|A|0|1|1|0|1|2|2016-03-07 03:22:17|2016-03-07 03:21:58|121.495802|31.152502|0.0|248.0|8|000
26299|A|0|0|0|0|0|1|2016-03-07 03:07:54|2016-03-07 03:07:34|121.445962|31.225942|14.3|24.0|9|004|A|0|1|1|0|0|2|2016-03-07 03:22:17|2016-03-07 03:21:58|121.449482|31.267068|34.2|330.0|9|034
23589|A|0|0|0|0|0|1|2016-03-07 03:15:50|2016-03-07 03:15:31|121.426032|31.195843|23.1|60.0|8|021|A|0|1|1|0|1|2|2016-03-07 03:22:31|2016-03-07 03:22:12|121.466192|31.207528|0.0|68.0|8|000
23346|A|0|0|0|0|0|1|2016-03-07 03:04:45|2016-03-07 03:04:26|121.492900|31.263512|19.6|299.0|8|020|A|0|1|1|0|1|2|2016-03-07 03:23:01|2016-03-07 03:22:40|121.418425|31.276102|31.5|357.0|10|029
23875|A|0|0|0|0|0|1|2016-03-07 03:08:50|2016-03-07 03:08:31|121.461775|31.244703|0.0|193.0|6|000|A|0|1|1|0|0|2|2016-03-07 03:23:03|2016-03-07 03:22:44|121.462670|31.217127|0.0|254.0|8|000
23522|A|0|0|0|0|0|1|2016-03-07 02:53:44|2016-03-07 02:53:24|121.380493|31.175847|16.1|104.0|4|014|A|0|1|1|0|0|2|2016-03-07 03:23:04|2016-03-07 03:17:46|121.416002|31.251653|26.9|96.0|4|048
23916|A|0|0|0|0|0|1|2016-03-07 03:23:16|2016-03-07 03:17:56|121.453672|31.409163|0.0|253.0|8|000|A|0|1|1|0|0|2|2016-03-07 03:23:16|2016-03-07 03:18:30|121.453672|31.409163|0.0|253.0|9|000
10787|A|0|0|5|0|1|1|2016-03-07 03:23:18|2016-03-07 03:22:32|121.392843|31.094973|51.5|245.0|8|051|A|0|1|5|0|0|2|2016-03-07 03:23:18|2016-03-07 03:22:22|121.394355|31.095547|57.9|248.0|8|058
23824|A|0|0|0|0|0|1|2016-03-07 03:23:10|2016-03-07 03:22:51|121.443658|31.312557|11.7|244.0|7|009|A|0|1|5|0|0|2|2016-03-07 03:23:19|2016-03-07 03:22:47|121.509483|31.193618|0.0|331.0|10|000
26315|A|0|0|0|0|0|1|2016-03-07 03:22:30|2016-03-07 03:22:11|121.453042|31.226020|0.0|266.0|8|000|A|0|1|5|0|0|2|2016-03-07 03:23:28|2016-03-07 03:23:09|121.453033|31.226028|0.0|266.0|9|000
23824|A|0|0|0|0|0|1|2016-03-07 03:23:20|2016-03-07 03:23:01|121.442832|31.312545|41.8|269.0|8|040|A|0|1|5|0|0|2|2016-03-07 03:23:29|2016-03-07 03:22:57|121.509483|31.193618|0.0|331.0|10|000
23824|A|0|0|0|0|0|1|2016-03-07 03:23:30|2016-03-07 03:23:11|121.441462|31.312523|43.0|269.0|8|043|A|0|1|5|0|0|2|2016-03-07 03:23:39|2016-03-07 03:23:07|121.509483|31.193618|0.0|331.0|10|000
20693|A|0|0|0|0|0|1|2016-03-07 03:11:49|2016-03-07 03:11:30|121.548805|31.190287|0.0|334.0|10|005|A|0|1|5|0|0|2|2016-03-07 03:23:47|2016-03-07 03:23:27|121.528598|31.147265|0.0|157.0|10|000
23824|A|0|0|0|0|0|1|2016-03-07 03:23:40|2016-03-07 03:23:21|121.440722|31.312508|6.1|262.0|8|007|A|0|1|5|0|0|2|2016-03-07 03:23:49|2016-03-07 03:23:17|121.509483|31.193618|0.0|331.0|10|000
26251|A|0|0|0|0|0|1|2016-03-07 03:19:48|2016-03-07 03:18:56|121.447332|31.275792|13.6|145.0|7|013|A|0|1|1|0|1|2|2016-03-07 03:23:58|2016-03-07 03:23:39|121.441208|31.268422|0.0|221.0|7|000
23824|A|0|0|0|0|0|1|2016-03-07 03:23:50|2016-03-07 03:23:31|121.440438|31.312490|20.8|269.0|8|020|A|0|1|5|0|0|2|2016-03-07 03:23:59|2016-03-07 03:23:27|121.509483|31.193618|0.0|331.0|9|000
23580|A|0|0|0|0|0|1|2016-03-07 03:17:14|2016-03-07 03:16:55|121.490800|31.305197|14.4|17.0|7|011|A|0|1|1|0|0|2|2016-03-07 03:24:01|2016-03-07 03:23:41|121.491835|31.330095|3.5|17.0|7|002
26130|A|0|0|1|0|0|1|2016-03-07 03:06:01|2016-03-07 03:05:41|121.526678|31.270112|14.1|245.0|9|014|A|0|1|1|0|1|2|2016-03-07 03:24:04|2016-03-07 03:23:45|121.472877|31.259032|0.0|16.0|7|000
23824|A|0|0|0|0|0|1|2016-03-07 03:24:01|2016-03-07 03:23:41|121.439543|31.312472|35.9|268.0|9|035|A|0|1|5|0|0|2|2016-03-07 03:24:09|2016-03-07 03:23:37|121.509483|31.193618|0.0|331.0|8|000
25846|A|0|0|0|0|0|1|2016-03-07 03:21:47|2016-03-07 03:21:28|121.508655|31.139943|0.0|182.0|8|001|A|0|1|1|0|1|2|2016-03-07 03:24:09|2016-03-07 03:23:42|121.502402|31.138038|7.8|316.0|7|006
23824|A|0|0|0|0|0|1|2016-03-07 03:24:10|2016-03-07 03:23:51|121.438530|31.312457|32.9|268.0|9|032|A|0|1|5|0|0|2|2016-03-07 03:24:19|2016-03-07 03:23:47|121.509483|31.193618|0.0|331.0|10|000
26280|A|0|0|1|0|1|1|2016-03-07 03:15:18|2016-03-07 03:14:58|121.507207|31.301173|15.3|249.0|8|016|A|0|1|1|0|1|2|2016-03-07 03:24:27|2016-03-07 03:24:08|121.476918|31.309890|27.8|261.0|10|027
23347|A|0|0|0|0|1|1|2016-03-07 02:54:57|2016-03-07 02:54:38|121.436962|31.242897|0.0|216.0|6|000|A|0|1|1|0|1|2|2016-03-07 03:24:28|2016-03-07 03:24:09|121.531472|31.256660|0.0|214.0|7|000
23824|A|0|0|0|0|0|1|2016-03-07 03:24:20|2016-03-07 03:24:01|121.437440|31.312432|39.9|268.0|9|040|A|0|1|5|0|0|2|2016-03-07 03:24:29|2016-03-07 03:23:57|121.509483|31.193618|0.0|331.0|10|000
20661|A|0|0|0|0|0|1|2016-03-07 03:16:26|2016-03-07 03:16:07|121.441872|31.244612|27.6|317.0|8|028|A|0|1|1|0|0|2|2016-03-07 03:24:31|2016-03-07 03:24:12|121.478792|31.245913|0.0|72.0|8|000
25851|A|0|0|0|0|0|1|2016-03-07 03:24:35|2016-03-07 03:24:16|121.408930|31.361237|0.0|136.0|10|000|A|0|1|5|0|0|2|2016-03-07 03:24:39|2016-03-07 03:24:19|121.408930|31.361237|0.0|136.0|10|000
23824|A|0|0|0|0|0|1|2016-03-07 03:24:30|2016-03-07 03:24:11|121.436877|31.312432|2.5|271.0|8|000|A|0|1|5|0|0|2|2016-03-07 03:24:39|2016-03-07 03:24:07|121.509483|31.193618|0.0|331.0|10|000
23548|A|0|0|0|0|0|1|2016-03-07 03:08:47|2016-03-07 03:08:28|121.393923|31.233790|37.7|86.0|9|035|A|0|1|1|0|0|2|2016-03-07 03:24:44|2016-03-07 03:24:25|121.475135|31.227348|0.0|69.0|9|000
23824|A|0|0|0|0|0|1|2016-03-07 03:24:43|2016-03-07 03:24:21|121.436698|31.312423|16.9|270.0|9|015|A|0|1|5|0|0|2|2016-03-07 03:24:49|2016-03-07 03:24:17|121.509483|31.193618|0.0|331.0|10|000
26315|A|0|0|0|0|0|1|2016-03-07 03:24:02|2016-03-07 03:23:43|121.453033|31.226028|0.0|266.0|8|000|A|0|1|5|0|0|2|2016-03-07 03:24:50|2016-03-07 03:24:31|121.453032|31.226030|0.0|266.0|8|000
23824|A|0|0|0|0|0|1|2016-03-07 03:24:50|2016-03-07 03:24:31|121.435980|31.312385|29.2|266.0|9|029|A|0|1|5|0|0|2|2016-03-07 03:24:59|2016-03-07 03:24:27|121.509483|31.193618|0.0|331.0|10|000
23824|A|0|0|0|0|0|1|2016-03-07 03:25:01|2016-03-07 03:24:41|121.435130|31.312327|26.7|263.0|9|026|A|0|1|5|0|0|2|2016-03-07 03:25:09|2016-03-07 03:24:37|121.509483|31.193618|0.0|331.0|10|000
23824|A|0|0|0|0|0|1|2016-03-07 03:25:10|2016-03-07 03:24:51|121.434193|31.312258|33.1|265.0|8|032|A|0|1|5|0|0|2|2016-03-07 03:25:19|2016-03-07 03:24:47|121.509483|31.193618|0.0|331.0|10|000
23462|A|0|0|0|0|0|1|2016-03-07 03:13:22|2016-03-07 03:13:03|121.486907|31.236263|17.1|337.0|7|015|A|0|1|1|0|0|2|2016-03-07 03:25:22|2016-03-07 03:25:03|121.486450|31.289975|0.0|10.0|4|000
26127|A|0|0|0|0|0|1|2016-03-07 03:21:14|2016-03-07 03:20:55|121.188887|31.152635|4.3|162.0|8|005|A|0|1|1|0|0|2|2016-03-07 03:25:23|2016-03-07 03:25:04|121.190308|31.147568|0.0|157.0|7|000
26127|A|0|0|0|0|0|1|2016-03-07 03:25:25|2016-03-07 03:25:06|121.190308|31.147568|0.0|157.0|7|000|A|0|1|1|0|0|2|2016-03-07 03:25:27|2016-03-07 03:25:08|121.190308|31.147568|0.0|157.0|7|000
23824|A|0|0|0|0|0|1|2016-03-07 03:25:20|2016-03-07 03:25:01|121.433767|31.312313|0.0|313.0|8|000|A|0|1|5|0|0|2|2016-03-07 03:25:29|2016-03-07 03:24:57|121.509483|31.193620|0.0|331.0|9|000
26246|A|0|0|5|0|0|1|2016-03-07 03:25:28|2016-03-07 03:25:09|121.381088|31.358448|0.0|271.0|9|000|A|0|1|0|0|0|2|2016-03-07 03:25:30|2016-03-07 03:25:10|121.381088|31.358448|0.0|271.0|9|000
26345|A|0|0|0|0|0|1|2016-03-07 03:10:55|2016-03-07 03:10:36|121.478605|31.258872|12.7|163.0|8|009|A|0|1|1|0|0|2|2016-03-07 03:25:33|2016-03-07 03:25:14|121.522995|31.263125|0.0|61.0|9|000
23824|A|0|0|0|0|0|1|2016-03-07 03:25:38|2016-03-07 03:25:19|121.433507|31.313393|45.1|351.0|9|044|A|0|1|5|0|0|2|2016-03-07 03:25:39|2016-03-07 03:25:07|121.509483|31.193620|0.0|331.0|9|000
23640|A|0|0|0|0|0|1|2016-03-07 03:07:29|2016-03-07 03:07:09|121.377638|31.154545|8.7|350.0|8|007|A|0|1|1|0|0|2|2016-03-07 03:25:50|2016-03-07 03:25:31|121.370010|31.214792|0.0|43.0|9|000
23824|A|0|0|0|0|0|1|2016-03-07 03:25:56|2016-03-07 03:25:29|121.433298|31.314567|47.3|351.0|9|048|A|0|1|5|0|0|2|2016-03-07 03:25:59|2016-03-07 03:25:27|121.509483|31.193620|0.0|331.0|9|000
26448|A|0|0|0|0|0|1|2016-03-07 03:24:37|2016-03-07 03:24:18|121.445085|31.210730|34.8|30.0|9|029|A|0|1|0|0|0|2|2016-03-07 03:26:02|2016-03-07 03:25:42|121.445017|31.214038|16.2|333.0|9|013
23824|A|0|0|0|0|0|1|2016-03-07 03:26:08|2016-03-07 03:25:49|121.433003|31.316230|39.1|350.0|9|039|A|0|1|5|0|0|2|2016-03-07 03:26:09|2016-03-07 03:25:37|121.509483|31.193620|0.0|331.0|10|000
25710|A|0|0|2|0|0|1|2016-03-07 03:26:14|2016-03-07 03:25:54|121.494198|31.223168|31.8|283.0|9|031|A|0|1|0|0|0|2|2016-03-07 03:26:15|2016-03-07 03:25:55|121.494107|31.223187|32.7|282.0|10|032
23824|A|0|0|0|0|0|1|2016-03-07 03:26:18|2016-03-07 03:25:59|121.432818|31.317298|45.2|351.0|7|045|A|0|1|5|0|0|2|2016-03-07 03:26:19|2016-03-07 03:25:47|121.509483|31.193620|0.0|331.0|10|000
26315|A|0|0|0|0|0|1|2016-03-07 03:25:23|2016-03-07 03:25:04|121.453032|31.226030|0.0|266.0|9|000|A|0|1|5|0|0|2|2016-03-07 03:26:25|2016-03-07 03:26:06|121.453032|31.226030|0.0|266.0|8|000
23824|A|0|0|0|0|0|1|2016-03-07 03:26:28|2016-03-07 03:26:09|121.432613|31.318522|47.8|352.0|7|048|A|0|1|5|0|0|2|2016-03-07 03:26:29|2016-03-07 03:25:57|121.509483|31.193620|0.0|331.0|10|000
20637|A|0|0|0|0|0|1|2016-03-07 03:09:19|2016-03-07 03:08:59|121.521327|31.216608|17.0|83.0|8|013|A|0|1|1|0|0|2|2016-03-07 03:26:29|2016-03-07 03:26:10|121.479397|31.269612|0.0|3.0|8|000
26349|A|0|0|0|0|0|1|2016-03-07 02:56:30|2016-03-07 02:56:11|121.476168|31.301632|12.9|270.0|7|012|A|0|1|1|0|0|2|2016-03-07 03:26:38|2016-03-07 03:26:19|121.407905|31.422192|0.0|135.0|8|000
23421|A|0|0|0|0|0|1|2016-03-07 03:03:31|2016-03-07 03:03:12|121.454267|31.217322|8.4|304.0|7|000|A|0|1|1|0|0|2|2016-03-07 03:26:46|2016-03-07 03:26:27|121.577560|31.140898|0.0|238.0|8|000
23824|A|0|0|0|0|0|1|2016-03-07 03:26:39|2016-03-07 03:26:19|121.432397|31.319782|52.8|350.0|8|052|A|0|1|5|0|0|2|2016-03-07 03:26:48|2016-03-07 03:26:17|121.509483|31.193620|0.0|331.0|10|000
26246|A|0|0|0|0|0|1|2016-03-07 03:26:43|2016-03-07 03:26:24|121.381088|31.358448|0.0|271.0|8|000|A|0|1|5|0|0|2|2016-03-07 03:26:52|2016-03-07 03:26:33|121.381088|31.358448|0.0|271.0|8|000
23824|A|0|0|0|0|0|1|2016-03-07 03:26:59|2016-03-07 03:26:39|121.431988|31.322213|27.0|351.0|8|029|A|0|1|5|0|0|2|2016-03-07 03:26:59|2016-03-07 03:26:27|121.509483|31.193620|0.0|331.0|10|000
10021|A|0|0|0|0|0|1|2016-03-07 03:16:06|2016-03-07 03:15:47|121.478790|31.349000|12.7|249.0|7|010|A|0|1|1|0|1|2|2016-03-07 03:27:06|2016-03-07 03:26:47|121.444410|31.315292|0.0|273.0|6|000
25911|A|0|0|0|0|0|1|2016-03-07 03:25:28|2016-03-07 03:25:09|121.158537|31.301860|35.3|177.0|7|034|A|0|1|5|0|0|2|2016-03-07 03:27:19|2016-03-07 03:27:00|121.154022|31.299103|0.0|110.0|6|000
23824|A|0|0|0|0|0|1|2016-03-07 03:27:09|2016-03-07 03:26:49|121.431948|31.322447|0.0|351.0|8|000|A|0|1|5|0|0|2|2016-03-07 03:27:19|2016-03-07 03:26:47|121.509483|31.193620|0.0|331.0|10|000
20656|A|0|0|2|0|0|1|2016-03-07 03:12:52|2016-03-07 03:12:32|121.480263|31.268498|13.3|182.0|8|013|A|0|1|1|0|0|2|2016-03-07 03:27:21|2016-03-07 03:27:02|121.421483|31.254617|0.0|229.0|8|000
20656|A|0|0|0|0|0|1|2016-03-07 03:27:26|2016-03-07 03:27:04|121.421483|31.254615|0.0|229.0|8|000|A|0|1|1|0|0|2|2016-03-07 03:27:26|2016-03-07 03:27:06|121.421485|31.254613|0.0|229.0|7|000
23824|A|0|0|0|0|0|1|2016-03-07 03:27:19|2016-03-07 03:27:00|121.432122|31.322660|20.5|62.0|9|019|A|0|1|5|0|0|2|2016-03-07 03:27:29|2016-03-07 03:26:57|121.509485|31.193622|0.0|331.0|9|000
23664|A|0|0|0|0|0|1|2016-03-07 03:21:37|2016-03-07 03:21:18|121.470805|31.309655|0.0|90.0|7|000|A|0|1|1|0|0|2|2016-03-07 03:27:29|2016-03-07 03:27:10|121.470850|31.309665|0.0|90.0|7|000
23009|A|0|0|0|0|0|1|2016-03-07 03:13:03|2016-03-07 03:12:44|121.535283|31.276408|31.3|248.0|7|032|A|0|1|1|0|0|2|2016-03-07 03:27:29|2016-03-07 03:27:10|121.492602|31.272972|0.0|294.0|7|000
23589|A|0|0|0|0|0|1|2016-03-07 03:24:17|2016-03-07 03:23:58|121.466673|31.207808|36.9|44.0|10|034|A|0|1|0|0|1|2|2016-03-07 03:27:31|2016-03-07 03:27:10|121.491380|31.213948|11.9|163.0|8|012
20586|A|0|0|0|0|0|1|2016-03-07 03:20:15|2016-03-07 03:19:56|121.402117|31.328023|27.9|170.0|8|027|A|0|1|1|0|0|2|2016-03-07 03:27:34|2016-03-07 03:27:15|121.376325|31.308663|0.0|8.0|7|000
23824|A|0|0|0|0|0|1|2016-03-07 03:27:29|2016-03-07 03:27:10|121.432973|31.322720|32.5|86.0|9|032|A|0|1|5|0|0|2|2016-03-07 03:27:38|2016-03-07 03:27:07|121.509485|31.193622|0.0|331.0|8|000
26394|A|0|0|0|0|0|1|2016-03-07 03:10:06|2016-03-07 03:09:47|121.496445|31.282233|22.4|116.0|8|019|A|0|1|1|0|0|2|2016-03-07 03:27:39|2016-03-07 03:27:20|121.469138|31.216183|0.0|164.0|10|000
25844|A|0|0|0|0|0|1|2016-03-07 03:17:23|2016-03-07 03:17:04|121.473893|31.240923|31.6|253.0|7|032|A|0|1|1|0|1|2|2016-03-07 03:27:40|2016-03-07 03:27:21|121.399083|31.209990|0.0|10.0|6|000
23824|A|0|0|0|0|0|1|2016-03-07 03:27:39|2016-03-07 03:27:20|121.433307|31.322725|0.0|91.0|7|000|A|0|1|5|0|0|2|2016-03-07 03:27:49|2016-03-07 03:27:17|121.509485|31.193622|0.0|331.0|9|000
20462|A|0|0|0|0|0|1|2016-03-07 02:52:02|2016-03-07 02:51:43|121.368638|31.218652|26.0|107.0|8|023|A|0|1|0|0|0|2|2016-03-07 03:27:51|2016-03-07 03:27:19|121.393067|31.214495|0.0|135.0|8|000
26191|A|0|0|0|0|0|1|2016-03-07 03:18:38|2016-03-07 03:18:19|121.424733|31.235835|20.4|310.0|7|020|A|0|1|1|0|1|2|2016-03-07 03:28:04|2016-03-07 03:27:43|121.391737|31.242027|0.0|184.0|7|000
23403|A|0|0|0|0|0|1|2016-03-07 03:28:11|2016-03-07 03:27:52|121.475873|31.284442|0.0|277.0|10|000|A|0|1|5|0|0|2|2016-03-07 03:28:15|2016-03-07 03:27:56|121.475873|31.284442|0.0|277.0|9|000
16611|A|0|0|0|0|0|1|2016-03-07 03:28:19|2016-03-07 03:26:08|121.411037|31.296872|48.0|332.0|10|046|A|0|1|1|0|0|2|2016-03-07 03:28:19|2016-03-07 03:25:36|121.413555|31.295408|42.0|253.0|10|042
13716|A|0|0|0|0|1|1|2016-03-07 01:06:11|2016-03-07 01:05:52|121.449767|31.247907|25.9|263.0|10|025|A|0|1|V|0|0|2|2016-03-07 03:28:34|2010-01-01|121.272682|31.272147|0.0|0.0|0|000
20538|A|0|0|0|0|0|1|2016-03-07 03:24:46|2016-03-07 03:24:27|121.448708|31.272505|35.9|67.0|7|035|A|0|1|1|0|0|2|2016-03-07 03:29:01|2016-03-07 03:28:41|121.452583|31.248770|0.0|4.0|7|000
23317|A|0|0|0|0|0|1|2016-03-07 03:25:33|2016-03-07 03:25:14|121.572113|31.262232|47.6|317.0|10|046|A|0|1|1|0|1|2|2016-03-07 03:29:08|2016-03-07 03:28:49|121.551927|31.288385|33.5|326.0|8|033
23409|A|0|0|0|0|0|1|2016-03-07 02:48:42|2016-03-07 02:48:21|121.315500|31.225138|13.4|133.0|7|014|A|0|1|0|0|0|2|2016-03-07 03:29:12|2016-03-07 03:28:47|121.207252|31.421850|0.0|55.0|8|000
23409|A|0|0|0|0|0|1|2016-03-07 03:29:12|2016-03-07 03:28:37|121.207100|31.421790|14.0|50.0|8|012|A|0|1|1|0|0|2|2016-03-07 03:29:12|2016-03-07 03:28:53|121.207252|31.421850|0.0|55.0|8|000
26077|A|0|0|0|0|0|1|2016-03-07 03:08:02|2016-03-07 03:07:43|121.446145|31.226035|27.2|335.0|9|023|A|0|1|1|0|1|2|2016-03-07 03:29:16|2016-03-07 03:28:57|121.451707|31.265920|0.0|226.0|9|000
23830|A|0|0|0|0|0|1|2016-03-07 03:28:58|2016-03-07 03:28:39|121.409358|31.353822|0.0|143.0|9|000|A|0|1|5|0|0|2|2016-03-07 03:29:16|2016-03-07 03:28:57|121.409358|31.353822|0.0|143.0|9|000
23750|A|0|0|0|0|0|1|2016-03-07 03:22:01|2016-03-07 03:21:40|121.442380|31.219820|18.1|325.0|8|013|A|0|1|1|0|0|2|2016-03-07 03:29:26|2016-03-07 03:29:07|121.408230|31.210933|0.0|42.0|8|000
25708|A|0|0|0|0|0|1|2016-03-07 03:19:54|2016-03-07 03:19:35|121.372388|31.259932|15.0|265.0|8|015-|A|0|1|1|0|0|2|2016-03-07 03:29:27|2016-03-07 03:29:08|121.364007|31.294035|15.0|105.0|7|015-
26315|A|0|0|0|0|0|1|2016-03-07 03:27:57|2016-03-07 03:27:38|121.453035|31.226023|0.0|266.0|9|000|A|0|1|5|0|0|2|2016-03-07 03:29:30|2016-03-07 03:29:11|121.453035|31.226020|0.0|266.0|9|000
20625|A|0|0|0|0|0|1|2016-03-07 03:07:51|2016-03-07 03:07:32|121.476723|31.225678|10.1|334.0|7|009|A|0|1|1|0|0|2|2016-03-07 03:29:33|2016-03-07 03:29:14|121.416403|31.178650|0.0|337.0|7|000
23750|A|0|0|0|0|0|1|2016-03-07 03:29:33|2016-03-07 03:29:08|121.408230|31.210933|0.0|42.0|8|000|A|0|1|1|0|0|2|2016-03-07 03:29:33|2016-03-07 03:29:10|121.408230|31.210933|0.0|42.0|8|000
26245|A|0|0|0|0|0|1|2016-03-07 03:19:51|2016-03-07 03:19:32|121.475165|31.231267|18.2|239.0|6|014|A|0|1|1|0|0|2|2016-03-07 03:29:38|2016-03-07 03:29:17|121.486893|31.267622|16.4|200.0|7|015
20621|A|0|0|2|0|0|1|2016-03-07 03:22:46|2016-03-07 03:22:24|121.384640|31.175933|18.2|250.0|9|018|A|0|1|0|0|0|2|2016-03-07 03:29:40|2016-03-07 03:29:20|121.405738|31.181383|0.0|167.0|9|000
26286|A|0|0|0|0|0|1|2016-03-07 03:21:45|2016-03-07 03:21:18|121.508578|31.307143|13.2|329.0|8|013|A|0|1|1|0|0|2|2016-03-07 03:29:52|2016-03-07 03:29:28|121.496445|31.338603|8.0|295.0|10|008
26421|A|0|0|0|0|0|1|2016-03-07 03:21:55|2016-03-07 03:21:36|121.436660|31.293383|19.0|347.0|9|019-|A|0|1|1|0|0|2|2016-03-07 03:29:58|2016-03-07 03:29:39|121.455440|31.318170|0.0|4.0|10|004
23497|A|0|0|0|0|0|1|2016-03-07 03:00:04|2016-03-07 02:59:45|121.400148|31.186615|10.2|262.0|10|010|A|0|1|1|0|0|2|2016-03-07 03:30:20|2016-03-07 03:25:01|121.518092|31.080510|0.0|162.0|10|000
26339|A|0|0|0|0|0|1|2016-03-07 03:07:41|2016-03-07 03:07:22|121.441565|31.300070|18.2|260.0|6|018|A|0|1|5|0|0|2|2016-03-07 03:30:22|2016-03-07 03:30:03|121.360817|31.363313|2.1|219.0|8|001
23625|A|0|0|0|0|0|1|2016-03-07 03:30:11|2016-03-07 03:29:52|121.451463|31.339397|0.0|40.0|8|000|A|0|1|5|0|0|2|2016-03-07 03:30:30|2016-03-07 03:30:11|121.451463|31.339397|0.0|40.0|8|000
26199|A|0|0|0|0|0|1|2016-03-07 03:22:30|2016-03-07 03:22:11|121.445227|31.188567|23.9|320.0|7|022|A|0|1|1|0|0|2|2016-03-07 03:30:31|2016-03-07 03:30:06|121.430630|31.186692|0.0|281.0|6|000
26251|A|0|0|0|0|0|1|2016-03-07 03:27:08|2016-03-07 03:26:49|121.451097|31.272870|25.9|149.0|6|024|A|0|1|1|0|0|2|2016-03-07 03:30:38|2016-03-07 03:30:19|121.455272|31.251745|21.9|295.0|7|011
23521|A|0|0|0|0|0|1|2016-03-07 03:25:33|2016-03-07 03:25:14|121.242208|31.036198|0.0|356.0|8|004|A|0|1|1|0|0|2|2016-03-07 03:30:54|2016-03-07 03:30:35|121.265905|31.047210|0.0|112.0|10|000
23771|A|0|0|2|0|0|1|2016-03-07 02:40:40|2016-03-07 02:40:11|121.799558|31.153105|10.3|108.0|5|004|A|0|1|1|0|0|2|2016-03-07 03:31:01|2016-03-07 03:30:42|121.372212|31.279607|0.0|163.0|7|000
26315|A|0|0|0|0|0|1|2016-03-07 03:30:06|2016-03-07 03:29:47|121.453035|31.226020|0.0|266.0|9|000|A|0|1|5|0|0|2|2016-03-07 03:31:02|2016-03-07 03:30:43|121.453032|31.226023|0.0|266.0|7|000
26080|A|0|0|0|0|0|1|2016-03-07 03:24:15|2016-03-07 03:23:56|121.417963|31.203220|20.6|106.0|9|019|A|0|1|1|0|0|2|2016-03-07 03:31:11|2016-03-07 03:30:52|121.438118|31.215688|10.6|249.0|8|012
23367|A|0|0|0|0|0|1|2016-03-07 03:07:52|2016-03-07 03:07:33|121.469777|31.220745|6.6|160.0|7|004|A|0|1|1|0|0|2|2016-03-07 03:31:17|2016-03-07 03:30:58|121.449963|31.127618|0.0|266.0|6|000
25886|A|0|0|0|0|0|1|2016-03-07 01:32:16|2016-03-07 01:31:57|121.295832|31.271340|0.0|70.0|10|000|A|0|1|0|0|0|2|2016-03-07 03:31:17|2016-03-07 03:30:58|121.297830|31.269338|0.0|101.0|9|000
25835|A|0|0|0|0|0|1|2016-03-07 03:22:31|2016-03-07 03:22:12|121.524475|31.304092|33.5|70.0|10|035|A|0|1|1|0|0|2|2016-03-07 03:31:26|2016-03-07 03:31:07|121.498457|31.302895|0.0|263.0|9|000
23830|A|0|0|0|0|0|1|2016-03-07 03:31:50|2016-03-07 03:31:31|121.402493|31.351443|26.6|342.0|8|026|A|0|1|5|0|0|2|2016-03-07 03:31:52|2016-03-07 03:31:33|121.402428|31.351572|29.2|335.0|8|028
23816|A|0|0|0|0|0|1|2016-03-07 03:24:25|2016-03-07 03:24:06|121.539490|31.271313|33.8|312.0|10|030|A|0|1|1|0|0|2|2016-03-07 03:31:59|2016-03-07 03:31:40|121.512277|31.268820|2.3|322.0|8|000
20510|A|0|0|0|0|0|1|2016-03-07 03:32:09|2016-03-07 03:31:13|121.389645|31.213463|39.0|271.0|8|039|A|0|1|1|0|0|2|2016-03-07 03:32:09|2016-03-07 03:31:49|121.388753|31.213548|28.0|268.0|9|020
26152|A|0|0|0|0|0|1|2016-03-07 03:18:01|2016-03-07 03:17:32|121.394172|31.089583|12.6|28.0|10|013|A|0|1|1|0|1|2|2016-03-07 03:32:24|2016-03-07 03:32:05|121.411363|31.140930|0.0|70.0|8|000
26315|A|0|0|0|0|0|1|2016-03-07 03:31:26|2016-03-07 03:31:07|121.453032|31.226023|0.0|266.0|8|000|A|0|1|5|0|0|2|2016-03-07 03:32:34|2016-03-07 03:32:15|121.453027|31.226028|0.0|266.0|7|000
23370|A|0|0|0|0|0|1|2016-03-07 03:27:33|2016-03-07 03:26:39|121.445308|31.211173|0.0|31.0|9|000|A|0|1|1|0|0|2|2016-03-07 03:33:31|2016-03-07 03:33:09|121.435568|31.227972|0.0|2.0|8|000
23370|A|0|0|0|0|0|1|2016-03-07 03:33:31|2016-03-07 03:33:10|121.435568|31.227972|0.0|2.0|9|000|A|0|1|1|0|0|2|2016-03-07 03:33:32|2016-03-07 03:33:12|121.435568|31.227972|3.6|2.0|8|000
13135|A|0|0|0|0|0|1|2016-03-07 02:40:39|2016-03-07 02:40:20|121.473753|31.173572|66.9|60.0|4|300|A|0|1|1|0|0|2|2016-03-07 03:33:37|2016-03-07 03:33:17|121.483018|31.176420|12.7|325.0|4|012
26315|A|0|0|0|0|0|1|2016-03-07 03:33:09|2016-03-07 03:32:50|121.453027|31.226028|0.0|266.0|9|000|A|0|1|5|0|0|2|2016-03-07 03:33:45|2016-03-07 03:33:26|121.453027|31.226028|0.0|266.0|9|000
25943|A|0|0|0|0|0|1|2016-03-07 03:12:34|2016-03-07 03:12:15|121.364157|31.254205|13.5|274.0|10|015|A|0|1|1|0|0|2|2016-03-07 03:33:46|2016-03-07 03:33:26|121.303793|31.209395|0.0|173.0|10|000
26237|A|0|0|1|0|0|1|2016-03-07 02:57:18|2016-03-07 02:56:58|121.416072|31.140942|12.2|57.0|8|011|A|0|1|1|0|0|2|2016-03-07 03:33:53|2016-03-07 03:33:34|121.516000|31.299210|0.0|113.0|6|000
26102|A|0|0|0|0|0|1|2016-03-07 03:12:20|2016-03-07 03:12:01|121.407663|31.166083|12.9|52.0|9|012|A|0|1|1|0|0|2|2016-03-07 03:33:56|2016-03-07 03:33:37|121.421452|31.224473|0.0|232.0|10|000
18366|A|0|0|0|0|0|1|2016-03-07 03:33:08|2016-03-07 03:31:45|121.524900|31.215398|50.0|0.0|0|050|A|0|1|1|0|0|2|2016-03-07 03:33:58|2016-03-07 03:32:35|121.524000|31.212898|50.0|0.0|0|050
21710|A|0|0|0|1|0|1|2016-03-07 03:33:59|2016-03-07 03:29:21|121.803515|31.153970|0.0|24.0|7|000|A|0|1|1|0|0|2|2016-03-07 03:33:59|2016-03-07 03:30:12|121.803212|31.154210|32.9|322.0|8|015
23376|A|0|0|0|0|0|1|2016-03-07 03:09:40|2016-03-07 03:09:21|121.417993|31.217323|19.3|168.0|7|012|A|0|1|1|0|0|2|2016-03-07 03:34:18|2016-03-07 03:33:59|121.523968|31.268657|0.0|65.0|5|000
26100|A|0|0|0|0|0|1|2016-03-07 03:14:22|2016-03-07 03:14:03|121.419662|31.251603|17.9|334.0|9|018|A|0|1|1|0|0|2|2016-03-07 03:34:19|2016-03-07 03:34:00|121.522520|31.268690|0.0|154.0|8|000
23570|A|0|0|0|0|0|1|2016-03-07 03:17:31|2016-03-07 03:17:12|121.468910|31.204532|25.1|254.0|8|019|A|0|1|1|0|0|2|2016-03-07 03:34:34|2016-03-07 03:34:15|121.391758|31.174257|0.0|332.0|7|006
14274|A|0|0|0|0|0|1|2016-03-07 03:34:39|2016-03-07 03:28:57|121.422407|31.132118|6.0|77.0|8|031|A|0|1|1|0|0|2|2016-03-07 03:34:39|2016-03-07 03:28:53|121.422117|31.132052|3.0|69.0|9|016
14274|A|0|0|0|0|0|1|2016-03-07 03:34:39|2016-03-07 03:29:07|121.423770|31.132375|9.0|78.0|8|059|A|0|1|1|0|0|2|2016-03-07 03:34:39|2016-03-07 03:28:13|121.421542|31.131962|3.0|79.0|9|022
23880|A|0|0|0|0|0|1|2016-03-07 03:18:18|2016-03-07 03:17:59|121.436973|31.247963|19.8|147.0|5|020|A|0|1|1|0|0|2|2016-03-07 03:34:43|2016-03-07 03:34:21|121.442555|31.207453|0.0|221.0|6|000
23618|A|0|0|0|0|0|1|2016-03-07 02:48:59|2016-03-07 02:48:40|121.484142|31.293543|29.3|45.0|6|007|A|0|1|1|0|0|2|2016-03-07 03:35:01|2016-03-07 03:34:41|121.483947|31.293217|0.0|33.0|8|000
23508|A|0|0|0|0|0|1|2016-03-07 03:32:27|2016-03-07 03:32:08|121.507550|31.179348|27.2|241.0|9|018|A|0|1|5|0|0|2|2016-03-07 03:35:04|2016-03-07 03:34:45|121.492872|31.176702|6.2|263.0|8|005
23508|A|0|0|0|0|0|1|2016-03-07 03:35:06|2016-03-07 03:34:47|121.492835|31.176693|8.2|254.0|8|007|A|0|1|5|0|0|2|2016-03-07 03:35:08|2016-03-07 03:34:49|121.492787|31.176678|10.2|253.0|8|008
30001|A|0|0|0|0|0|1|2016-03-07 03:26:26|2016-03-07 03:26:07|121.446718|31.239875|18.8|301.0|8|017|A|0|1|5|0|0|2|2016-03-07 03:35:29|2016-03-07 03:35:01|121.450857|31.239557|0.0|132.0|8|000
30001|A|0|0|0|0|0|1|2016-03-07 03:35:29|2016-03-07 03:34:32|121.450518|31.240612|43.1|136.0|8|044|A|0|1|5|0|0|2|2016-03-07 03:35:30|2016-03-07 03:35:11|121.450857|31.239557|0.0|132.0|7|000
25855|A|0|0|0|0|1|1|2016-03-07 03:08:55|2016-03-07 03:08:36|121.473802|31.234293|13.1|228.0|7|011|A|0|1|5|0|1|2|2016-03-07 03:35:45|2016-03-07 03:35:26|121.527453|31.165948|0.0|347.0|7|000
10459|A|0|0|0|0|1|1|2016-03-07 02:37:23|2016-03-07 02:37:04|121.510687|31.296010|46.1|103.0|4|020|A|0|1|1|0|1|2|2016-03-07 03:35:54|2016-03-07 03:35:32|121.451407|31.217047|0.0|30.0|4|000
26381|A|0|0|0|0|0|1|2016-03-07 03:24:59|2016-03-07 03:24:40|121.469023|31.198065|24.2|353.0|6|007|A|0|1|1|0|0|2|2016-03-07 03:35:59|2016-03-07 03:35:40|121.424290|31.205577|0.0|328.0|5|000
23412|A|0|0|0|0|0|1|2016-03-07 03:32:33|2016-03-07 03:32:14|121.482607|31.273457|26.3|158.0|9|027|A|0|1|1|0|0|2|2016-03-07 03:36:01|2016-03-07 03:35:41|121.482255|31.269293|11.4|338.0|10|012
14641|A|0|0|0|0|0|1|2016-03-07 02:13:01|2016-03-07 02:12:42|121.469673|31.220803|15.0|316.0|8|015-|A|0|1|1|0|0|2|2016-03-07 03:36:02|2016-03-07 03:35:43|121.475675|31.233597|0.0|63.0|5|000
23412|A|0|0|0|0|0|1|2016-03-07 03:36:01|2016-03-07 03:35:42|121.482242|31.269325|13.9|339.0|10|014|A|0|1|1|0|0|2|2016-03-07 03:36:03|2016-03-07 03:35:43|121.482227|31.269363|20.7|339.0|9|017
23665|A|0|0|0|0|0|1|2016-03-07 03:29:34|2016-03-07 03:29:15|121.730925|31.043288|7.6|86.0|8|008|A|0|1|1|0|0|2|2016-03-07 03:36:08|2016-03-07 03:35:49|121.764093|31.050897|0.0|181.0|9|000
23781|A|0|0|0|0|0|1|2016-03-07 03:18:50|2016-03-07 03:18:31|121.447663|31.312675|20.9|76.0|8|021|A|0|1|5|0|0|2|2016-03-07 03:36:16|2016-03-07 03:35:57|121.444435|31.331883|0.0|46.0|8|000
23586|A|0|0|0|0|0|1|2016-03-07 03:30:22|2016-03-07 03:30:03|121.426378|31.202357|26.9|242.0|9|025|A|0|1|1|0|0|2|2016-03-07 03:36:20|2016-03-07 03:36:01|121.410105|31.214490|0.0|85.0|9|000
20700|A|0|0|0|0|0|1|2016-03-07 03:32:05|2016-03-07 03:31:46|121.462192|31.210463|18.3|62.0|8|015|A|0|1|1|0|1|2|2016-03-07 03:36:23|2016-03-07 03:36:04|121.476318|31.216958|0.0|354.0|7|000
23589|A|0|0|0|0|0|1|2016-03-07 03:31:42|2016-03-07 03:31:23|121.487878|31.217690|27.8|159.0|8|027|A|0|1|1|0|1|2|2016-03-07 03:36:34|2016-03-07 03:36:15|121.481748|31.202395|2.0|256.0|8|000
28094|A|0|0|0|0|0|1|2016-03-07 03:32:23|2016-03-07 03:32:04|121.425237|31.305183|22.2|72.0|8|019|A|0|1|1|0|1|2|2016-03-07 03:36:39|2016-03-07 03:36:18|121.442595|31.307348|0.0|90.0|8|000
25771|A|0|0|1|0|0|1|2016-03-07 02:57:27|2016-03-07 02:57:07|121.429153|31.239725|13.0|248.0|6|012|A|0|1|1|0|1|2|2016-03-07 03:36:40|2016-03-07 03:36:15|121.803735|31.152583|0.0|155.0|5|000
20624|A|0|0|0|0|0|1|2016-03-07 03:23:30|2016-03-07 03:23:10|121.512837|31.281493|23.3|335.0|9|023|A|0|1|0|0|0|2|2016-03-07 03:36:44|2016-03-07 03:36:25|121.491322|31.319348|42.7|358.0|9|042
21359|A|0|0|0|0|0|1|2016-03-07 01:36:36|2016-03-07 01:36:00|121.470447|31.236753|64.2|332.0|4|059|A|0|1|1|0|0|2|2016-03-07 03:36:46|2016-03-07 03:36:21|121.451422|31.218507|43.3|23.0|2|032
26109|A|0|0|0|0|0|1|2016-03-07 03:26:41|2016-03-07 03:26:22|121.396408|31.259223|3.4|265.0|3|019|A|0|1|1|0|0|2|2016-03-07 03:37:06|2016-03-07 03:36:47|121.393990|31.236895|0.0|119.0|5|001
23847|A|0|0|0|0|0|1|2016-03-07 03:32:34|2016-03-07 03:32:15|121.466997|31.307865|25.1|9.0|6|023|A|0|1|1|0|0|2|2016-03-07 03:37:26|2016-03-07 03:37:07|121.480168|31.305780|0.0|202.0|6|000
21212|A|0|0|0|0|0|1|2016-03-07 03:21:40|2016-03-07 03:17:19|121.486378|31.175478|9.0|158.0|7|006|A|0|1|1|0|0|2|2016-03-07 03:37:27|2016-03-07 03:36:34|121.532057|31.183375|40.0|340.0|8|040-
26311|A|0|0|0|0|0|1|2016-03-07 03:28:49|2016-03-07 03:28:30|121.468448|31.288920|19.5|101.0|8|016|A|0|1|1|0|0|2|2016-03-07 03:37:35|2016-03-07 03:37:16|121.525523|31.277265|0.0|73.0|8|000
25735|A|0|0|0|0|0|1|2016-03-07 03:32:19|2016-03-07 03:32:00|121.413020|31.220052|18.3|278.0|8|015|A|0|1|0|0|0|2|2016-03-07 03:37:50|2016-03-07 03:37:30|121.391672|31.211668|0.0|244.0|8|000
25879|A|1|0|0|0|0|1|2016-03-07 03:06:57|2016-03-07 03:06:38|121.305237|31.210620|28.6|259.0|8|028|A|1|1|1|0|1|2|2016-03-07 03:38:05|2016-03-07 03:37:18|121.121530|31.284698|0.0|124.0|7|000
23776|A|0|0|1|0|0|1|2016-03-07 03:05:17|2016-03-07 03:04:39|121.459600|31.232813|23.6|94.0|5|023|A|0|1|1|0|0|2|2016-03-07 03:38:05|2016-03-07 03:37:46|121.485417|31.324803|0.0|351.0|7|000
25900|A|0|0|0|0|0|1|2016-03-07 03:13:34|2016-03-07 03:13:15|121.519602|31.226827|13.2|154.0|6|011|A|0|1|1|0|1|2|2016-03-07 03:38:10|2016-03-07 03:37:51|121.505742|31.145732|0.0|145.0|7|000
23776|A|0|0|0|0|0|1|2016-03-07 03:38:09|2016-03-07 03:37:50|121.485420|31.324855|0.0|356.0|8|003|A|0|1|1|0|0|2|2016-03-07 03:38:11|2016-03-07 03:37:52|121.485422|31.324878|0.0|0.0|8|001
25905|A|0|0|1|0|0|1|2016-03-07 03:12:05|2016-03-07 03:11:46|121.473323|31.270353|0.0|285.0|8|000|A|0|1|1|0|0|2|2016-03-07 03:38:28|2016-03-07 03:38:09|121.505377|31.178857|15.5|152.0|7|013
20625|A|0|0|0|0|0|1|2016-03-07 03:32:54|2016-03-07 03:32:35|121.417062|31.182110|27.2|99.0|8|025|A|0|1|1|0|1|2|2016-03-07 03:38:50|2016-03-07 03:38:31|121.434543|31.176113|0.0|324.0|9|000
26135|A|0|0|0|0|0|1|2016-03-07 03:10:33|2016-03-07 03:10:14|121.438685|31.238145|15.7|110.0|7|000|A|0|1|1|0|1|2|2016-03-07 03:38:56|2016-03-07 03:38:37|121.343322|31.290507|0.0|261.0|8|000
25924|A|0|0|0|0|0|1|2016-03-07 03:35:26|2016-03-07 03:35:07|121.257865|31.115427|4.7|282.0|7|005|A|0|1|1|0|1|2|2016-03-07 03:38:57|2016-03-07 03:38:38|121.233180|31.110580|0.0|173.0|7|000
26140|A|0|0|0|0|0|1|2016-03-07 03:30:16|2016-03-07 03:29:57|121.443048|31.222930|9.7|77.0|8|000|A|0|1|1|0|1|2|2016-03-07 03:39:12|2016-03-07 03:38:53|121.442133|31.223167|0.0|245.0|8|000
25924|A|0|0|0|0|1|1|2016-03-07 03:39:10|2016-03-07 03:38:51|121.233180|31.110580|0.0|173.0|7|000|A|0|1|1|0|0|2|2016-03-07 03:39:12|2016-03-07 03:38:53|121.233180|31.110580|0.0|173.0|7|000
20655|A|0|0|0|0|1|1|2016-03-07 03:16:07|2016-03-07 03:15:48|121.527610|31.320648|36.3|180.0|7|038|A|0|1|1|0|0|2|2016-03-07 03:39:17|2016-03-07 03:38:58|121.490048|31.279420|0.0|65.0|7|000
25987|A|0|0|0|0|0|1|2016-03-07 03:19:43|2016-03-07 03:19:24|121.484398|31.261457|18.1|4.0|9|018|A|0|1|1|0|0|2|2016-03-07 03:39:40|2016-03-07 03:39:21|121.526713|31.333733|0.0|13.0|8|000
17308|A|0|0|0|0|0|1|2016-03-07 03:39:46|2016-03-07 03:32:37|121.387292|31.202730|17.9|359.0|8|017|A|0|1|0|0|0|2|2016-03-07 03:39:46|2016-03-07 03:32:57|121.387240|31.202873|0.0|14.0|7|000
26031|A|0|0|1|0|0|1|2016-03-07 03:33:26|2016-03-07 03:33:06|121.422618|31.118315|19.1|340.0|8|020|A|0|1|1|0|1|2|2016-03-07 03:40:11|2016-03-07 03:39:51|121.399598|31.161023|0.0|351.0|7|000
26239|A|0|0|0|0|0|1|2016-03-07 03:23:16|2016-03-07 03:22:57|121.425097|31.304788|28.2|183.0|7|028|A|0|1|1|0|0|2|2016-03-07 03:40:13|2016-03-07 03:39:54|121.440925|31.237435|33.7|83.0|7|034
11817|A|0|0|1|0|0|1|2016-03-07 03:10:38|2016-03-07 03:10:08|121.578615|31.213798|49.4|254.0|8|048|A|0|1|1|0|0|2|2016-03-07 03:40:14|2016-03-07 03:39:51|121.559048|31.177732|38.2|335.0|8|037
23630|A|0|0|0|0|0|1|2016-03-07 03:34:27|2016-03-07 03:34:08|121.504132|31.144255|14.2|67.0|10|016|A|0|1|1|0|0|2|2016-03-07 03:40:20|2016-03-07 03:40:01|121.521953|31.128363|0.0|100.0|10|000
18222|A|0|0|1|0|0|1|2016-03-07 03:40:36|2016-03-07 03:37:07|121.304085|31.145373|14.7|240.0|8|012|A|0|1|1|0|1|2|2016-03-07 03:40:36|2016-03-07 03:36:43|121.304018|31.145262|17.2|69.0|8|021
18222|A|0|0|0|0|0|1|2016-03-07 03:40:36|2016-03-07 03:38:19|121.299610|31.143665|9.5|337.0|8|007|A|0|1|1|0|1|2|2016-03-07 03:40:36|2016-03-07 03:36:53|121.304108|31.145285|0.0|68.0|8|000
18222|A|0|0|0|0|1|1|2016-03-07 03:40:36|2016-03-07 03:38:38|121.300452|31.144050|18.1|14.0|8|018|A|0|1|1|0|1|2|2016-03-07 03:40:36|2016-03-07 03:39:21|121.299452|31.145850|0.0|342.0|8|000
18222|A|0|0|0|0|0|1|2016-03-07 03:40:36|2016-03-07 03:38:26|121.299648|31.143780|19.1|88.0|9|014|A|0|1|1|0|0|2|2016-03-07 03:40:36|2016-03-07 03:40:01|121.299522|31.145693|20.2|154.0|9|018
20608|A|0|0|0|0|0|1|2016-03-07 03:22:54|2016-03-07 03:22:34|121.443303|31.222983|16.7|80.0|8|016|A|0|1|0|0|0|2|2016-03-07 03:40:52|2016-03-07 03:40:33|121.557953|31.231615|13.9|277.0|8|012
26246|A|0|0|0|0|0|1|2016-03-07 03:36:38|2016-03-07 03:36:19|121.388188|31.354090|33.0|249.0|8|033-|A|0|1|1|0|0|2|2016-03-07 03:40:56|2016-03-07 03:40:28|121.368948|31.358710|0.0|128.0|9|000
26246|A|0|0|0|0|0|1|2016-03-07 03:40:56|2016-03-07 03:40:22|121.368900|31.358835|32.0|158.0|9|032-|A|0|1|1|0|0|2|2016-03-07 03:40:57|2016-03-07 03:40:38|121.368948|31.358710|0.0|128.0|8|000
20615|A|0|0|0|0|0|1|2016-03-07 03:32:08|2016-03-07 03:31:49|121.268865|31.143855|0.0|343.0|10|000|A|0|1|1|0|0|2|2016-03-07 03:41:32|2016-03-07 03:41:13|121.299515|31.121948|29.3|273.0|10|029
26042|A|0|0|0|0|0|1|2016-03-07 03:36:59|2016-03-07 03:36:40|121.447242|31.317692|25.5|254.0|7|024|A|0|1|1|0|0|2|2016-03-07 03:41:39|2016-03-07 03:41:20|121.433048|31.315658|6.3|352.0|8|000
26295|A|0|0|0|0|0|1|2016-03-07 03:24:16|2016-03-07 03:23:57|121.452950|31.242717|19.0|154.0|7|019|A|0|1|1|0|0|2|2016-03-07 03:41:56|2016-03-07 03:41:37|121.412105|31.172202|0.0|264.0|9|000
23584|A|0|0|0|0|0|1|2016-03-07 03:43:12|2016-03-07 03:42:52|121.290533|31.197758|12.2|245.0|10|012|A|0|1|1|0|0|2|2016-03-07 03:43:15|2016-03-07 03:42:55|121.290410|31.197710|17.2|246.0|10|016
26323|A|0|0|0|0|0|1|2016-03-07 03:37:04|2016-03-07 03:36:44|121.510180|31.305325|19.9|256.0|8|019|A|0|1|1|0|0|2|2016-03-07 03:43:18|2016-03-07 03:42:59|121.497782|31.322598|35.0|89.0|9|035
26323|A|0|0|0|0|0|1|2016-03-07 03:43:20|2016-03-07 03:43:01|121.497992|31.322602|36.4|88.0|9|036|A|0|1|1|0|0|2|2016-03-07 03:43:22|2016-03-07 03:43:03|121.498190|31.322610|33.5|87.0|9|032
26366|A|0|0|0|0|0|1|2016-03-07 03:18:51|2016-03-07 03:18:32|121.527928|31.294157|10.1|161.0|7|003|A|0|1|1|0|0|2|2016-03-07 03:43:42|2016-03-07 03:43:23|121.414943|31.231743|0.0|155.0|7|000
23900|A|0|0|0|0|0|1|2016-03-07 03:40:29|2016-03-07 03:40:10|121.529840|31.301358|33.7|234.0|9|032|A|0|1|1|0|0|2|2016-03-07 03:43:45|2016-03-07 03:43:20|121.515013|31.306228|0.0|352.0|7|000
20587|A|0|0|0|0|0|1|2016-03-07 03:43:35|2016-03-07 03:27:19|121.217278|31.040833|35.8|90.0|9|032|A|0|1|0|0|1|2|2016-03-07 03:43:47|2016-03-07 03:32:40|121.244365|31.036983|0.0|134.0|8|000
20587|A|0|0|0|0|0|1|2016-03-07 03:43:57|2016-03-07 03:35:04|121.239778|31.031037|32.3|264.0|9|029|A|0|1|1|0|0|2|2016-03-07 03:44:17|2016-03-07 03:37:46|121.229878|31.024842|10.9|255.0|9|005
20587|A|0|0|0|0|1|1|2016-03-07 03:44:17|2016-03-07 03:37:31|121.229897|31.024825|0.0|300.0|8|000|A|0|1|1|0|0|2|2016-03-07 03:44:17|2016-03-07 03:37:56|121.229125|31.024852|36.4|270.0|9|035
23909|A|0|0|0|0|0|1|2016-03-07 03:41:14|2016-03-07 03:40:55|121.527633|31.321597|20.4|178.0|9|019|A|0|1|1|0|0|2|2016-03-07 03:44:26|2016-03-07 03:44:07|121.521708|31.322268|0.0|181.0|7|000
23404|A|0|0|0|0|0|1|2016-03-07 03:10:52|2016-03-07 03:10:33|121.447797|31.218878|3.4|283.0|10|000|A|0|1|0|0|0|2|2016-03-07 03:44:27|2016-03-07 03:44:04|121.493770|31.349022|0.0|74.0|9|000
23404|A|0|0|0|0|0|1|2016-03-07 03:44:30|2016-03-07 03:44:07|121.493770|31.349022|0.0|74.0|9|000|A|0|1|1|0|0|2|2016-03-07 03:44:31|2016-03-07 03:44:09|121.493770|31.349022|0.0|74.0|10|000
23910|A|0|0|0|0|0|1|2016-03-07 03:17:57|2016-03-07 03:17:38|121.367908|31.253703|24.2|16.0|7|024|A|0|1|1|0|0|2|2016-03-07 03:44:41|2016-03-07 03:44:22|121.415608|31.277207|0.0|19.0|7|000
23880|A|0|0|0|0|0|1|2016-03-07 03:36:19|2016-03-07 03:36:00|121.441292|31.205547|11.0|76.0|6|009|A|0|1|1|0|0|2|2016-03-07 03:44:50|2016-03-07 03:44:31|121.449815|31.200677|0.0|198.0|5|000
26245|A|0|0|0|0|0|1|2016-03-07 03:38:40|2016-03-07 03:38:21|121.484240|31.287940|19.2|267.0|7|015|A|0|1|0|0|0|2|2016-03-07 03:45:07|2016-03-07 03:44:47|121.470663|31.279887|0.0|232.0|6|000
20538|A|0|0|0|0|0|1|2016-03-07 03:37:12|2016-03-07 03:36:53|121.426440|31.264408|33.5|347.0|5|028|A|0|1|1|0|0|2|2016-03-07 03:45:29|2016-03-07 03:45:10|121.403070|31.292893|0.0|258.0|4|000
23766|A|0|0|0|0|0|1|2016-03-07 03:27:54|2016-03-07 03:27:35|121.469865|31.285838|11.9|315.0|9|011|A|0|1|1|0|0|2|2016-03-07 03:45:30|2016-03-07 03:45:11|121.394095|31.278040|17.7|86.0|9|017
25987|A|0|0|0|0|0|1|2016-03-07 03:42:11|2016-03-07 03:41:52|121.526580|31.333835|24.1|271.0|9|022|A|0|1|0|0|0|2|2016-03-07 03:45:33|2016-03-07 03:45:14|121.521623|31.324612|0.0|228.0|9|000
23509|A|0|0|0|0|0|1|2016-03-07 03:34:08|2016-03-07 03:33:49|121.425543|31.205315|21.6|65.0|9|013|A|0|1|1|0|0|2|2016-03-07 03:45:43|2016-03-07 03:42:21|121.380587|31.208747|0.0|112.0|9|000
23499|A|0|0|0|0|0|1|2016-03-07 03:40:15|2016-03-07 03:39:57|121.445688|31.232440|13.9|148.0|6|008|A|0|1|1|0|0|2|2016-03-07 03:46:03|2016-03-07 03:45:44|121.439818|31.218132|0.0|350.0|7|000
23692|A|0|0|0|0|0|1|2016-03-07 01:53:37|2016-03-07 01:53:17|121.406020|31.360082|0.0|263.0|3|000|A|0|1|1|0|0|2|2016-03-07 03:46:05|2016-03-07 03:45:46|121.407070|31.360450|0.0|318.0|6|000
23370|A|0|0|0|0|0|1|2016-03-07 03:34:01|2016-03-07 03:33:42|121.436118|31.228107|15.0|228.0|8|007|A|0|1|V|0|0|2|2016-03-07 03:46:50|2016-03-07 03:40:00|121.480205|31.234678|6.7|95.0|0|074
23356|A|0|0|0|0|0|1|2016-03-07 03:29:25|2016-03-07 03:29:06|121.439695|31.238792|14.6|334.0|8|012|A|0|1|1|0|1|2|2016-03-07 03:46:52|2016-03-07 03:46:32|121.449438|31.312623|0.0|86.0|9|000
26107|A|0|0|0|0|0|1|2016-03-07 03:32:37|2016-03-07 03:32:18|121.449450|31.272790|10.1|251.0|7|008|A|0|1|1|0|1|2|2016-03-07 03:46:55|2016-03-07 03:46:36|121.360860|31.251957|0.0|244.0|8|000
23589|A|0|0|1|0|0|1|2016-03-07 03:40:52|2016-03-07 03:40:32|121.479270|31.213460|52.4|80.0|10|053|A|0|1|1|0|0|2|2016-03-07 03:47:18|2016-03-07 03:46:59|121.482318|31.206323|14.4|247.0|9|014
23618|A|0|0|0|0|0|1|2016-03-07 03:38:09|2016-03-07 03:37:50|121.482548|31.302303|20.7|338.0|6|017|A|0|1|1|0|0|2|2016-03-07 03:47:28|2016-03-07 03:47:10|121.435933|31.265092|0.0|225.0|5|000
20566|A|0|0|0|0|1|1|2016-03-07 03:30:21|2016-03-07 03:30:02|121.442343|31.207160|0.0|26.0|9|000|A|0|1|1|0|0|2|2016-03-07 03:47:30|2016-03-07 03:47:11|121.516065|31.222747|0.0|227.0|8|000
23669|A|0|0|0|0|0|1|2016-03-07 03:27:06|2016-03-07 03:26:47|121.463167|31.259830|19.5|256.0|7|016|A|0|1|1|0|1|2|2016-03-07 03:47:52|2016-03-07 03:47:33|121.424613|31.351450|0.0|253.0|6|000
25943|A|0|0|0|0|0|1|2016-03-07 03:47:56|2016-03-07 03:47:37|121.299218|31.206433|46.1|357.0|9|045|A|0|1|1|0|0|2|2016-03-07 03:47:59|2016-03-07 03:47:40|121.299190|31.206778|48.1|356.0|9|047
25753|A|0|0|0|0|0|1|2016-03-07 03:36:15|2016-03-07 03:35:56|121.450232|31.221765|22.1|156.0|7|017|A|0|1|1|0|0|2|2016-03-07 03:48:07|2016-03-07 03:47:48|121.409755|31.238138|0.0|237.0|5|000
26239|A|0|0|0|0|0|1|2016-03-07 03:44:53|2016-03-07 03:44:34|121.436337|31.248725|43.9|321.0|7|043|A|0|1|0|0|1|2|2016-03-07 03:48:25|2016-03-07 03:48:06|121.420565|31.250075|0.0|332.0|7|000
26127|A|0|0|0|0|0|1|2016-03-07 03:44:38|2016-03-07 03:43:45|121.269877|31.113512|9.7|167.0|7|009|A|0|1|1|0|0|2|2016-03-07 03:48:38|2016-03-07 03:48:19|121.253647|31.109965|0.0|189.0|7|000
25802|A|0|0|0|0|0|1|2016-03-07 03:06:33|2016-03-07 03:06:14|121.462583|31.208960|7.3|358.0|9|000|A|0|1|1|0|0|2|2016-03-07 03:48:58|2016-03-07 03:48:38|121.392078|31.143700|0.0|53.0|9|000
26042|A|0|0|0|0|0|1|2016-03-07 03:43:42|2016-03-07 03:43:23|121.432150|31.322655|23.8|75.0|8|021|A|0|1|1|0|0|2|2016-03-07 03:49:09|2016-03-07 03:48:50|121.442967|31.309788|6.4|78.0|8|004
23334|A|0|0|0|0|0|1|2016-03-07 03:23:18|2016-03-07 03:22:58|121.369950|31.252463|14.2|102.0|10|014|A|0|1|1|0|0|2|2016-03-07 03:49:18|2016-03-07 03:48:59|121.472027|31.240373|0.0|75.0|8|000
26299|A|0|0|0|0|0|1|2016-03-07 03:43:11|2016-03-07 03:42:52|121.447603|31.312693|17.2|252.0|9|016|A|0|1|1|0|0|2|2016-03-07 03:49:39|2016-03-07 03:49:20|121.427438|31.282977|0.0|263.0|9|000
26381|A|0|0|0|0|0|1|2016-03-07 03:38:57|2016-03-07 03:38:39|121.424298|31.205437|10.9|90.0|6|005|A|0|1|1|0|0|2|2016-03-07 03:50:09|2016-03-07 03:49:50|121.469860|31.195388|0.0|177.0|6|000
26311|A|0|0|0|0|0|1|2016-03-07 03:42:39|2016-03-07 03:42:20|121.525990|31.275202|14.3|143.0|9|012|A|0|1|1|0|0|2|2016-03-07 03:50:11|2016-03-07 03:49:52|121.519105|31.254510|0.0|253.0|7|000
26031|A|0|0|0|0|0|1|2016-03-07 03:44:34|2016-03-07 03:44:15|121.407480|31.166107|22.8|314.0|7|022|A|0|1|0|0|1|2|2016-03-07 03:50:13|2016-03-07 03:49:53|121.395450|31.159633|0.0|352.0|8|000
26031|A|0|0|1|0|1|1|2016-03-07 03:50:14|2016-03-07 03:49:54|121.395450|31.159633|0.0|352.0|8|000|A|0|1|1|0|1|2|2016-03-07 03:50:16|2016-03-07 03:49:57|121.395450|31.159633|0.0|352.0|8|000
20656|A|0|0|0|0|0|1|2016-03-07 03:35:03|2016-03-07 03:34:43|121.425645|31.249730|12.6|215.0|5|013|A|0|1|1|0|0|2|2016-03-07 03:50:20|2016-03-07 03:50:01|121.422502|31.167422|0.0|257.0|8|000
26180|A|0|0|0|0|1|1|2016-03-07 03:45:30|2016-03-07 03:45:11|121.399482|31.212818|0.0|98.0|8|000|A|0|1|1|0|0|2|2016-03-07 03:50:34|2016-03-07 03:50:15|121.413700|31.203337|0.0|249.0|5|000
23522|A|0|0|0|0|0|1|2016-03-07 03:44:19|2016-03-07 03:44:00|121.389110|31.181503|0.0|191.0|3|004|A|0|1|1|0|1|2|2016-03-07 03:50:38|2016-03-07 03:50:19|121.366830|31.206613|12.0|262.0|4|012-
23412|A|0|0|0|0|0|1|2016-03-07 03:42:12|2016-03-07 03:41:53|121.486148|31.281155|27.5|1.0|10|024|A|0|1|1|0|0|2|2016-03-07 03:51:03|2016-03-07 03:50:44|121.506855|31.297257|11.9|288.0|8|010
23412|A|0|0|0|0|0|1|2016-03-07 03:51:05|2016-03-07 03:50:46|121.506783|31.297275|15.8|291.0|8|014|A|0|1|1|0|0|2|2016-03-07 03:51:07|2016-03-07 03:50:47|121.506738|31.297288|18.4|291.0|9|016
23750|A|0|0|0|0|0|1|2016-03-07 03:32:10|2016-03-07 03:31:51|121.413055|31.220272|12.4|70.0|6|011|A|0|1|1|0|0|2|2016-03-07 03:51:11|2016-03-07 03:50:43|121.376863|31.137993|0.0|123.0|7|000
23750|A|0|0|0|0|0|1|2016-03-07 03:51:11|2016-03-07 03:50:44|121.376862|31.137993|0.0|123.0|7|000|A|0|1|1|0|0|2|2016-03-07 03:51:11|2016-03-07 03:50:45|121.376862|31.137993|0.0|123.0|6|000
26204|A|0|0|0|0|0|1|2016-03-07 03:41:54|2016-03-07 03:41:35|121.518923|31.294977|16.1|85.0|7|007|A|0|1|1|0|1|2|2016-03-07 03:51:20|2016-03-07 03:51:01|121.535773|31.330215|0.0|99.0|7|000
23509|A|0|0|0|0|0|1|2016-03-07 03:46:19|2016-03-07 03:43:13|121.382185|31.208327|21.1|107.0|10|018|A|0|1|1|0|0|2|2016-03-07 03:51:40|2016-03-07 03:49:21|121.371823|31.193453|20.2|153.0|6|021
23401|A|0|0|0|0|0|1|2016-03-07 03:39:31|2016-03-07 03:39:11|121.452982|31.270052|28.2|154.0|8|023|A|0|1|1|0|0|2|2016-03-07 03:51:48|2016-03-07 03:51:29|121.427105|31.210490|0.0|111.0|7|000
23401|A|0|0|0|0|0|1|2016-03-07 03:51:49|2016-03-07 03:51:30|121.427110|31.210493|0.0|111.0|7|000|A|0|1|1|0|0|2|2016-03-07 03:51:50|2016-03-07 03:51:31|121.427132|31.210497|9.3|78.0|7|002
13125|A|0|0|1|0|0|1|2016-03-07 03:52:05|2016-03-07 03:51:40|121.410862|31.285552|40.0|265.0|8|040|A|0|1|1|0|0|2|2016-03-07 03:52:09|2016-03-07 03:51:50|121.409495|31.285472|54.4|255.0|8|052
23458|A|0|0|0|0|0|1|2016-03-07 03:41:02|2016-03-07 03:40:43|121.475230|31.228472|0.0|86.0|7|000|A|0|1|1|0|0|2|2016-03-07 03:52:34|2016-03-07 03:52:15|121.417972|31.217302|0.0|256.0|4|000
26237|A|0|0|0|0|0|1|2016-03-07 03:41:02|2016-03-07 03:40:43|121.515867|31.299363|14.4|247.0|9|011|A|0|1|1|0|0|2|2016-03-07 03:52:34|2016-03-07 03:52:15|121.477567|31.267562|0.0|283.0|9|000
23589|A|0|0|0|0|0|1|2016-03-07 03:51:33|2016-03-07 03:51:14|121.479908|31.206232|31.2|335.0|8|029|A|0|1|1|0|0|2|2016-03-07 03:52:35|2016-03-07 03:52:16|121.482715|31.209562|0.0|76.0|8|000
23458|A|0|0|0|0|0|1|2016-03-07 03:52:38|2016-03-07 03:52:19|121.417972|31.217302|0.0|256.0|4|000|A|0|1|1|0|0|2|2016-03-07 03:52:40|2016-03-07 03:52:21|121.417972|31.217302|0.0|256.0|5|000
26129|A|0|0|0|0|0|1|2016-03-07 03:47:12|2016-03-07 03:46:53|121.579838|31.266838|16.2|208.0|9|014|A|0|1|1|0|0|2|2016-03-07 03:52:49|2016-03-07 03:52:30|121.562787|31.259920|23.7|333.0|10|023
20637|A|0|0|0|0|0|1|2016-03-07 03:40:34|2016-03-07 03:40:15|121.479430|31.263932|11.4|186.0|8|008|A|0|1|1|0|1|2|2016-03-07 03:52:55|2016-03-07 03:52:36|121.432433|31.241932|0.0|228.0|4|000
25910|A|0|0|0|0|0|1|2016-03-07 03:39:57|2016-03-07 03:39:38|121.469862|31.220802|14.1|10.0|10|000|A|0|1|0|0|0|2|2016-03-07 03:53:03|2016-03-07 03:52:43|121.437437|31.257228|0.0|109.0|6|000
28371|A|0|0|1|0|0|1|2016-03-07 03:53:12|2016-03-07 03:52:43|121.386012|31.207728|42.9|96.0|10|042|A|0|1|1|0|0|2|2016-03-07 03:53:12|2016-03-07 03:52:13|121.382595|31.208210|10.8|103.0|10|011
26260|A|0|0|0|0|0|1|2016-03-07 03:33:36|2016-03-07 03:33:17|121.425568|31.205030|22.0|166.0|10|016|A|0|1|1|0|1|2|2016-03-07 03:53:20|2016-03-07 03:53:01|121.371767|31.111550|0.0|340.0|10|000
23346|A|0|0|0|0|0|1|2016-03-07 03:35:59|2016-03-07 03:35:40|121.421830|31.273545|25.6|38.0|9|023|A|0|1|1|0|1|2|2016-03-07 03:53:21|2016-03-07 03:53:02|121.482208|31.206247|0.0|245.0|8|000
23580|A|0|0|0|0|0|1|2016-03-07 03:51:25|2016-03-07 03:51:06|121.519430|31.328190|46.1|227.0|8|046|A|0|1|1|0|0|2|2016-03-07 03:53:39|2016-03-07 03:53:02|121.518200|31.319420|36.2|223.0|8|036
26373|A|0|0|V|0|0|1|2016-03-07 03:30:13|2016-03-07 03:29:48|121.481882|31.252588|3.4|59.0|0|011|A|0|1|1|0|0|2|2016-03-07 03:53:46|2016-03-07 03:53:27|121.571833|31.274182|22.0|285.0|4|022-
20655|A|0|0|0|0|0|1|2016-03-07 03:44:38|2016-03-07 03:44:19|121.484745|31.278512|29.2|271.0|8|024|A|0|1|1|0|0|2|2016-03-07 03:53:52|2016-03-07 03:53:33|121.423665|31.253707|0.0|257.0|5|000
23580|A|0|0|0|0|0|1|2016-03-07 03:53:39|2016-03-07 03:53:00|121.518353|31.319532|34.8|229.0|7|033|A|0|1|1|0|0|2|2016-03-07 03:53:56|2016-03-07 03:53:12|121.517518|31.318760|25.7|253.0|8|025
23759|A|0|0|0|0|0|1|2016-03-07 03:38:48|2016-03-07 03:38:29|121.472193|31.240490|17.1|254.0|9|010|A|0|1|1|0|0|2|2016-03-07 03:54:08|2016-03-07 03:53:49|121.508402|31.270940|0.0|266.0|8|000
25893|A|0|0|1|0|0|1|2016-03-07 03:39:58|2016-03-07 03:39:39|121.474537|31.227123|15.4|250.0|9|012|A|0|1|1|0|1|2|2016-03-07 03:54:44|2016-03-07 03:54:25|121.500363|31.256548|0.0|340.0|7|000
21365|A|0|0|0|0|0|1|2016-03-07 03:55:03|2016-03-07 03:54:03|121.432160|31.381578|0.0|70.0|7|000|A|0|1|5|0|0|2|2016-03-07 03:55:03|2016-03-07 03:54:00|121.432160|31.381578|0.0|70.0|8|000
21365|A|0|0|0|0|0|1|2016-03-07 03:55:03|2016-03-07 03:54:23|121.432160|31.381578|0.0|70.0|8|000|A|0|1|5|0|0|2|2016-03-07 03:55:03|2016-03-07 03:53:40|121.432160|31.381578|0.0|70.0|8|000
26237|A|0|0|0|0|0|1|2016-03-07 03:54:01|2016-03-07 03:53:41|121.477427|31.266970|14.8|118.0|9|015|A|0|1|1|0|1|2|2016-03-07 03:55:22|2016-03-07 03:55:03|121.478928|31.261617|0.0|131.0|7|000
25823|A|0|0|0|0|0|1|2016-03-07 03:41:10|2016-03-07 03:40:50|121.447777|31.218875|9.3|348.0|8|010|A|0|1|1|0|0|2|2016-03-07 03:55:50|2016-03-07 03:55:31|121.425392|31.264065|0.0|242.0|8|000
26107|A|0|0|0|0|0|1|2016-03-07 03:48:55|2016-03-07 03:48:36|121.363342|31.251058|11.2|93.0|8|010|A|0|1|1|0|0|2|2016-03-07 03:56:08|2016-03-07 03:55:49|121.384205|31.264370|0.0|95.0|5|000
26107|A|0|0|0|0|0|1|2016-03-07 03:56:11|2016-03-07 03:55:52|121.384205|31.264370|0.0|95.0|5|000|A|0|1|1|0|0|2|2016-03-07 03:56:13|2016-03-07 03:55:54|121.384205|31.264370|0.0|95.0|5|000
25534|A|0|0|0|0|1|1|2016-03-07 03:56:33|2016-03-07 03:55:37|121.388727|31.211882|30.4|284.0|6|030|A|0|1|0|0|1|2|2016-03-07 03:56:33|2016-03-07 03:55:57|121.388448|31.211920|0.0|266.0|5|000
26401|A|0|0|0|0|0|1|2016-03-07 03:44:01|2016-03-07 03:43:41|121.442460|31.207327|8.7|27.0|7|006|A|0|1|1|0|0|2|2016-03-07 03:56:44|2016-03-07 03:56:25|121.438765|31.240310|0.0|349.0|8|000
23752|A|0|0|0|0|0|1|2016-03-07 03:41:22|2016-03-07 03:41:03|121.553235|31.086348|108.8|337.0|4|099|A|0|1|5|0|0|2|2016-03-07 03:56:53|2016-03-07 03:51:22|121.541308|31.052488|31.5|84.0|4|040
20608|A|0|0|0|0|0|1|2016-03-07 03:45:55|2016-03-07 03:45:36|121.542603|31.239233|38.2|246.0|8|036|A|0|1|1|0|1|2|2016-03-07 03:57:14|2016-03-07 03:56:55|121.462172|31.216998|0.0|256.0|9|000
16686|A|0|0|0|0|0|1|2016-03-07 01:31:21|2016-03-07 01:31:02|121.364767|31.183650|16.2|74.0|4|011|A|0|1|V|0|0|2|2016-03-07 03:57:27|2016-03-07 03:55:17|121.268185|31.159498|17.5|301.0|0|008
23905|A|0|0|0|0|0|1|2016-03-07 03:29:13|2016-03-07 03:28:54|121.510162|31.299845|38.2|24.0|5|036|A|0|1|1|0|0|2|2016-03-07 03:57:34|2016-03-07 03:57:15|121.363688|31.219537|10.7|283.0|6|011
30001|A|0|0|0|0|0|1|2016-03-07 03:48:25|2016-03-07 03:48:06|121.436958|31.242588|9.5|140.0|8|007|A|0|1|1|0|0|2|2016-03-07 03:57:46|2016-03-07 03:57:27|121.416195|31.236182|0.0|158.0|8|002
23664|A|0|0|0|0|0|1|2016-03-07 03:55:43|2016-03-07 03:55:24|121.435800|31.264972|42.9|57.0|7|043|A|0|1|1|0|0|2|2016-03-07 03:57:50|2016-03-07 03:57:31|121.445042|31.271465|33.9|328.0|7|035
23497|A|0|0|0|0|0|1|2016-03-07 03:45:19|2016-03-07 03:37:49|121.494593|31.124445|0.0|344.0|9|000|A|0|1|1|0|0|2|2016-03-07 03:57:54|2016-03-07 03:57:35|121.486965|31.173062|0.0|269.0|9|000
20621|A|0|0|1|0|0|1|2016-03-07 03:36:13|2016-03-07 03:35:53|121.404545|31.187408|12.5|256.0|10|013|A|0|1|1|0|0|2|2016-03-07 03:57:56|2016-03-07 03:57:37|121.313335|31.128208|13.2|264.0|10|014
26180|A|0|0|0|0|0|1|2016-03-07 03:52:03|2016-03-07 03:51:44|121.415122|31.203652|37.0|100.0|7|037|A|0|1|1|0|1|2|2016-03-07 03:58:42|2016-03-07 03:58:23|121.433463|31.193760|0.0|199.0|6|000
26180|A|0|0|0|0|1|1|2016-03-07 03:58:44|2016-03-07 03:58:25|121.433463|31.193760|0.0|199.0|6|000|A|0|1|1|0|1|2|2016-03-07 03:58:47|2016-03-07 03:58:28|121.433463|31.193760|0.0|199.0|6|000
11419|A|0|0|0|0|0|1|2016-03-07 03:58:52|2016-03-07 03:56:53|121.430010|31.353177|66.2|358.0|8|064|A|0|1|1|0|0|2|2016-03-07 03:58:52|2016-03-07 03:56:49|121.430043|31.352538|68.1|355.0|8|067
26180|A|0|0|0|0|1|1|2016-03-07 03:58:50|2016-03-07 03:58:31|121.433463|31.193760|0.0|199.0|7|000|A|0|1|1|0|1|2|2016-03-07 03:58:53|2016-03-07 03:58:34|121.433463|31.193760|0.0|289.0|6|000
13472|A|0|0|0|0|0|1|2016-03-07 01:37:02|2016-03-07 01:36:43|121.478465|31.301747|0.0|17.0|7|000|A|0|1|0|0|0|2|2016-03-07 03:59:23|2016-03-07 03:59:04|121.478508|31.301775|0.0|50.0|8|000
26267|A|0|0|0|0|0|1|2016-03-07 03:59:25|2016-03-07 03:56:59|121.560087|31.158515|0.0|351.0|11|000|A|0|1|1|0|0|2|2016-03-07 03:59:25|2016-03-07 03:57:27|121.559827|31.160090|51.2|352.0|11|050
23553|A|0|0|0|0|0|1|2016-03-07 03:21:58|2016-03-07 03:21:38|121.472042|31.285645|0.0|13.0|4|000|A|0|1|1|0|0|2|2016-03-07 03:59:28|2016-03-07 03:59:09|121.459150|31.303783|0.0|103.0|8|000
23548|A|0|0|0|0|0|1|2016-03-07 03:42:47|2016-03-07 03:42:28|121.408217|31.247348|19.8|273.0|9|015|A|0|1|1|0|0|2|2016-03-07 03:59:29|2016-03-07 03:59:10|121.306568|31.239162|0.0|198.0|8|000
26153|A|0|0|0|0|0|1|2016-03-07 03:17:04|2016-03-07 03:16:45|121.456578|31.232723|13.0|251.0|9|000|A|0|1|1|0|1|2|2016-03-07 03:59:33|2016-03-07 03:59:14|121.343408|31.418187|0.0|239.0|10|000
26316|A|0|0|0|0|0|1|2016-03-07 03:48:52|2016-03-07 03:48:33|121.431810|31.241317|23.0|211.0|4|022|A|0|1|1|0|0|2|2016-03-07 03:59:37|2016-03-07 03:59:17|121.420655|31.255470|41.6|313.0|3|036
23502|A|0|0|0|0|0|1|2016-03-07 03:33:42|2016-03-07 03:33:23|121.803782|31.153498|8.8|20.0|3|003|A|0|1|5|0|0|2|2016-03-07 03:59:55|2016-03-07 03:59:36|121.534113|31.312485|0.0|137.0|7|000
