26239|A|0|0|0|0|0|1|2016-03-07 03:49:09|2016-03-07 03:48:50|121.420255|31.250452|33.8|331.0|7|033|A|0|1|1|0|0|2|2016-03-07 04:00:36|2016-03-07 04:00:17|121.403043|31.296688|33.9|46.0|8|034
26077|A|0|0|0|0|0|1|2016-03-07 03:30:11|2016-03-07 03:29:52|121.451635|31.265817|12.2|212.0|10|011|A|0|1|1|0|1|2|2016-03-07 04:00:42|2016-03-07 04:00:23|121.454685|31.285537|0.0|82.0|9|000
20083|A|0|0|0|0|0|1|2016-03-07 04:01:12|2016-03-07 03:49:09|121.403325|31.361888|0.0|91.0|9|000|A|0|1|3|0|0|2|2016-03-07 04:01:12|2016-03-07 03:49:23|121.403325|31.361888|0.0|91.0|9|000
23750|A|0|0|0|0|0|1|2016-03-07 03:54:11|2016-03-07 03:53:52|121.378980|31.132413|55.8|154.0|7|056|A|0|1|1|0|0|2|2016-03-07 04:01:25|2016-03-07 04:01:06|121.399545|31.123150|0.0|118.0|7|000
23508|A|0|0|0|0|0|1|2016-03-07 03:55:06|2016-03-07 03:54:47|121.476483|31.229217|12.6|224.0|6|004|A|0|1|5|0|0|2|2016-03-07 04:01:29|2016-03-07 04:01:10|121.480852|31.209068|21.2|254.0|5|020
23508|A|0|0|0|0|0|1|2016-03-07 04:01:30|2016-03-07 04:01:11|121.480797|31.209057|21.7|254.0|5|020|A|0|1|5|0|0|2|2016-03-07 04:01:32|2016-03-07 04:01:13|121.480685|31.209027|21.6|253.0|5|020
23640|A|0|0|0|0|0|1|2016-03-07 03:48:59|2016-03-07 03:48:40|121.412087|31.240305|10.4|289.0|9|000|A|0|1|1|0|0|2|2016-03-07 04:02:19|2016-03-07 04:01:59|121.456472|31.259320|0.0|41.0|9|000
23640|A|0|0|0|0|0|1|2016-03-07 04:02:20|2016-03-07 04:02:00|121.456472|31.259320|0.0|41.0|8|000|A|0|1|1|0|0|2|2016-03-07 04:02:22|2016-03-07 04:02:02|121.456472|31.259320|0.0|41.0|9|000
23377|A|0|0|2|0|0|1|2016-03-07 04:02:46|2016-03-07 04:02:26|121.376557|31.245218|27.6|229.0|6|029|A|0|1|2|0|0|2|2016-03-07 04:02:46|2016-03-07 04:02:23|121.376778|31.245308|26.4|266.0|5|026
20669|A|0|0|0|0|0|1|2016-03-07 03:55:42|2016-03-07 03:55:23|121.419473|31.208640|23.5|354.0|6|009|A|0|1|1|0|1|2|2016-03-07 04:02:54|2016-03-07 04:02:35|121.440558|31.225567|4.6|86.0|6|026
26315|A|0|0|0|0|0|1|2016-03-07 04:02:03|2016-03-07 04:01:44|121.453085|31.226108|0.0|266.0|6|000|A|0|1|5|0|0|2|2016-03-07 04:03:11|2016-03-07 04:02:52|121.453112|31.226130|0.0|266.0|8|000
23875|A|0|0|0|0|0|1|2016-03-07 04:03:15|2016-03-07 04:02:56|121.429217|31.252795|37.2|44.0|7|036|A|0|1|1|0|0|2|2016-03-07 04:03:19|2016-03-07 04:03:00|121.429503|31.253093|40.3|41.0|7|038
26311|A|0|0|0|0|0|1|2016-03-07 03:56:55|2016-03-07 03:56:36|121.495987|31.259202|19.7|209.0|8|010|A|0|1|1|0|0|2|2016-03-07 04:03:40|2016-03-07 04:03:20|121.471787|31.265675|0.0|277.0|5|003
23347|A|0|0|0|0|0|1|2016-03-07 03:43:57|2016-03-07 03:43:38|121.497307|31.251695|12.6|64.0|8|011|A|0|1|2|1|1|2|2016-03-07 04:03:40|2016-03-07 04:03:15|121.479063|31.175350|0.0|242.0|7|000
26145|A|0|0|0|0|0|1|2016-03-07 03:42:54|2016-03-07 03:42:35|121.414697|31.203610|13.0|69.0|7|005|A|0|1|1|0|1|2|2016-03-07 04:03:50|2016-03-07 04:03:09|121.435732|31.312365|0.0|262.0|7|000
23429|A|0|0|0|0|0|1|2016-03-07 03:55:21|2016-03-07 03:55:02|121.605470|31.294585|23.0|323.0|9|022|A|0|1|1|0|0|2|2016-03-07 04:03:55|2016-03-07 04:03:36|121.572855|31.286442|9.4|275.0|9|009
23509|A|0|0|0|0|0|1|2016-03-07 03:54:36|2016-03-07 03:54:17|121.379690|31.194060|22.0|170.0|10|000|A|0|1|1|0|0|2|2016-03-07 04:03:59|2016-03-07 04:03:39|121.345120|31.173008|0.0|240.0|8|000
20700|A|0|0|0|0|0|1|2016-03-07 03:52:35|2016-03-07 03:52:16|121.476797|31.228643|11.0|170.0|4|000|A|0|1|1|0|1|2|2016-03-07 04:04:01|2016-03-07 04:03:41|121.429687|31.237053|0.0|261.0|4|000
26315|A|0|0|0|0|0|1|2016-03-07 04:03:49|2016-03-07 04:03:30|121.453112|31.226130|0.0|266.0|9|000|A|0|1|5|0|0|2|2016-03-07 04:04:27|2016-03-07 04:04:08|121.453112|31.226130|0.0|266.0|9|000
25881|A|0|0|0|0|0|1|2016-03-07 03:52:34|2016-03-07 03:52:15|121.365028|31.183453|28.2|172.0|8|028|A|0|1|1|0|0|2|2016-03-07 04:04:30|2016-03-07 04:04:11|121.349808|31.156518|11.8|250.0|7|012
25870|A|0|0|1|0|0|1|2016-03-07 04:02:53|2016-03-07 04:02:33|121.408175|31.171395|19.9|39.0|9|018|A|0|1|1|0|0|2|2016-03-07 04:05:33|2016-03-07 04:05:14|121.418082|31.173320|0.0|80.0|9|000
26081|A|0|0|0|0|0|1|2016-03-07 03:57:36|2016-03-07 03:57:17|121.577788|31.329628|19.1|133.0|7|017|A|0|1|1|0|0|2|2016-03-07 04:05:42|2016-03-07 04:05:23|121.607822|31.299878|28.1|172.0|9|029
26315|A|0|0|0|0|0|1|2016-03-07 04:04:53|2016-03-07 04:04:34|121.453145|31.226157|0.0|266.0|8|000|A|0|1|5|0|0|2|2016-03-07 04:05:49|2016-03-07 04:05:30|121.453145|31.226157|0.0|266.0|8|000
23475|A|0|0|0|0|0|1|2016-03-07 04:05:51|2016-03-07 04:04:57|121.449452|31.335565|0.0|282.0|0|000|A|0|1|5|0|0|2|2016-03-07 04:05:51|2016-03-07 04:05:01|121.449452|31.335565|0.0|41.0|3|000
23475|A|0|0|0|0|0|1|2016-03-07 04:05:53|2016-03-07 04:05:18|121.449428|31.335475|0.0|272.0|5|005|A|0|1|5|0|0|2|2016-03-07 04:05:53|2016-03-07 04:05:24|121.449407|31.335402|0.0|181.0|4|006
23532|A|0|0|0|0|0|1|2016-03-07 03:44:39|2016-03-07 03:44:20|121.515890|31.298993|25.3|174.0|6|024|A|0|1|1|0|0|2|2016-03-07 04:05:55|2016-03-07 04:05:02|121.509780|31.280088|0.0|345.0|8|000
23593|A|0|0|0|0|0|1|2016-03-07 03:50:17|2016-03-07 03:49:58|121.599073|31.274187|21.5|121.0|10|020|A|0|1|1|0|1|2|2016-03-07 04:05:55|2016-03-07 04:05:36|121.665023|31.281782|0.0|334.0|10|000
26130|A|0|0|0|0|0|1|2016-03-07 03:48:34|2016-03-07 03:48:15|121.439380|31.284850|18.4|261.0|10|018|A|0|1|1|0|1|2|2016-03-07 04:06:11|2016-03-07 04:05:52|121.349923|31.287590|0.0|47.0|9|000
26264|A|0|0|0|0|0|1|2016-03-07 03:51:33|2016-03-07 03:51:14|121.534240|31.321532|17.1|354.0|8|016|A|0|1|1|0|0|2|2016-03-07 04:06:17|2016-03-07 04:05:58|121.486803|31.347223|0.0|180.0|8|000
26246|A|0|0|0|0|0|1|2016-03-07 03:43:58|2016-03-07 03:43:39|121.368783|31.359197|34.0|337.0|9|034-|A|0|1|1|0|0|2|2016-03-07 04:06:24|2016-03-07 04:06:05|121.342230|31.196058|0.0|101.0|4|004
23475|A|0|0|0|0|0|1|2016-03-07 04:05:53|2016-03-07 04:05:28|121.449402|31.335342|0.0|209.0|4|005|A|0|1|5|0|0|2|2016-03-07 04:06:35|2016-03-07 04:06:12|121.449515|31.335303|0.0|115.0|5|000
26140|A|0|0|0|0|0|1|2016-03-07 04:01:05|2016-03-07 04:00:46|121.443453|31.223035|18.9|74.0|9|019|A|0|1|0|0|1|2|2016-03-07 04:06:43|2016-03-07 04:06:24|121.455632|31.228713|0.0|268.0|8|000
11535|A|0|0|0|0|0|1|2016-03-07 01:37:18|2016-03-07 01:35:31|121.317112|31.140850|31.9|45.0|8|031|A|0|1|0|0|1|2|2016-03-07 04:07:02|2016-03-07 04:06:33|121.414957|31.199217|0.0|311.0|6|000
26315|A|0|0|0|0|0|1|2016-03-07 04:06:27|2016-03-07 04:06:08|121.453145|31.226157|0.0|266.0|8|000|A|0|1|5|0|0|2|2016-03-07 04:07:06|2016-03-07 04:06:47|121.453162|31.226175|0.0|266.0|9|000
23589|A|0|0|1|0|0|1|2016-03-07 03:56:52|2016-03-07 03:56:33|121.482538|31.211123|29.3|339.0|8|028|A|0|1|1|0|1|2|2016-03-07 04:07:28|2016-03-07 04:07:08|121.394757|31.131140|2.6|233.0|9|000
20621|A|0|0|0|0|0|1|2016-03-07 03:58:14|2016-03-07 03:57:55|121.312807|31.128168|19.3|265.0|10|018|A|0|1|1|0|0|2|2016-03-07 04:07:50|2016-03-07 04:07:31|121.271905|31.113522|0.0|251.0|9|000
23786|A|0|0|0|0|0|1|2016-03-07 03:43:27|2016-03-07 03:43:08|121.304970|31.145648|2.6|148.0|9|000|A|0|1|1|0|0|2|2016-03-07 04:08:05|2016-03-07 04:07:46|121.383308|31.175593|0.0|77.0|9|000
26442|A|0|0|0|0|0|1|2016-03-07 03:53:48|2016-03-07 03:53:29|121.473753|31.226735|0.0|208.0|10|005|A|0|1|1|0|0|2|2016-03-07 04:08:50|2016-03-07 04:08:31|121.502140|31.284238|0.0|41.0|11|000
26390|A|0|0|0|0|0|1|2016-03-07 04:08:51|2016-03-07 04:08:32|121.403063|31.358148|0.0|216.0|7|000|A|0|1|1|0|0|2|2016-03-07 04:08:53|2016-03-07 04:08:34|121.403063|31.358148|0.0|216.0|7|000
23475|A|0|0|0|0|0|1|2016-03-07 04:08:10|2016-03-07 04:07:26|121.449420|31.335492|15.1|337.0|6|010|A|0|1|5|0|0|2|2016-03-07 04:08:55|2016-03-07 04:07:59|121.448800|31.336812|0.0|16.0|4|000
23475|A|0|0|5|0|0|1|2016-03-07 04:08:55|2016-03-07 04:08:29|121.448777|31.336828|16.4|333.0|6|012|A|0|1|5|0|0|2|2016-03-07 04:08:55|2016-03-07 04:08:19|121.448800|31.336812|0.0|106.0|6|000
23475|A|0|0|0|0|0|1|2016-03-07 04:08:56|2016-03-07 04:08:36|121.448642|31.337067|13.4|345.0|6|012|A|0|1|5|0|0|2|2016-03-07 04:09:01|2016-03-07 04:08:41|121.448520|31.337203|15.1|334.0|7|014
23356|A|0|0|0|0|0|1|2016-03-07 03:55:15|2016-03-07 03:54:56|121.420490|31.304925|21.8|82.0|9|021|A|0|1|1|0|1|2|2016-03-07 04:09:24|2016-03-07 04:09:05|121.457822|31.267685|0.0|160.0|6|000
23412|A|0|0|1|0|0|1|2016-03-07 04:01:29|2016-03-07 04:01:10|121.489717|31.302905|14.3|197.0|8|013|A|0|1|1|0|0|2|2016-03-07 04:09:31|2016-03-07 04:09:12|121.477218|31.280027|14.9|20.0|7|018
23412|A|0|0|0|0|0|1|2016-03-07 04:09:32|2016-03-07 04:09:13|121.477230|31.280057|8.4|18.0|8|012|A|0|1|1|0|0|2|2016-03-07 04:09:34|2016-03-07 04:09:14|121.477242|31.280088|3.9|17.0|8|005
26039|A|0|0|0|0|0|1|2016-03-07 03:55:37|2016-03-07 03:55:18|121.465485|31.237613|10.9|322.0|9|011|A|0|1|1|0|0|2|2016-03-07 04:09:48|2016-03-07 04:09:29|121.457648|31.274877|0.0|338.0|8|000
20625|A|0|0|0|0|1|1|2016-03-07 03:52:11|2016-03-07 03:51:52|121.447638|31.219212|0.0|342.0|9|000|A|0|1|1|0|1|2|2016-03-07 04:10:19|2016-03-07 04:10:00|121.449200|31.155357|2.5|270.0|9|000
21624|A|0|0|0|0|0|1|2016-03-07 04:10:37|2016-03-07 04:08:46|121.474027|31.211893|27.3|251.0|7|026|A|0|1|1|0|0|2|2016-03-07 04:10:37|2016-03-07 04:08:27|121.474970|31.212235|45.7|241.0|7|044
21624|A|0|0|0|0|0|1|2016-03-07 04:10:37|2016-03-07 04:09:00|121.472078|31.211328|50.2|218.0|7|055|A|0|1|1|0|1|2|2016-03-07 04:10:37|2016-03-07 04:08:07|121.475720|31.212672|0.0|185.0|5|000
21624|A|0|0|0|0|0|1|2016-03-07 04:10:37|2016-03-07 04:09:42|121.466442|31.207898|57.5|198.0|7|057|A|0|1|1|0|0|2|2016-03-07 04:10:37|2016-03-07 04:08:17|121.475702|31.212653|14.7|229.0|7|012
26294|A|0|0|0|0|0|1|2016-03-07 03:58:01|2016-03-07 03:57:41|121.443248|31.208340|22.1|31.0|7|020|A|0|1|1|0|0|2|2016-03-07 04:10:42|2016-03-07 04:10:23|121.440910|31.222867|34.5|355.0|7|029
25710|A|0|0|0|0|0|1|2016-03-07 04:01:09|2016-03-07 04:00:50|121.471747|31.223733|7.1|98.0|7|000|A|0|1|1|0|0|2|2016-03-07 04:11:06|2016-03-07 04:10:47|121.460628|31.281207|0.0|352.0|8|000
23499|A|0|0|0|0|0|1|2016-03-07 04:06:12|2016-03-07 04:05:53|121.446023|31.232720|16.1|72.0|3|008|A|0|1|1|0|0|2|2016-03-07 04:11:25|2016-03-07 04:10:55|121.424495|31.228622|2.1|142.0|3|008
23342|A|0|0|0|0|1|1|2016-03-07 04:11:31|2016-03-07 03:55:53|121.207600|31.041182|11.9|178.0|8|020|A|0|1|1|0|0|2|2016-03-07 04:11:31|2016-03-07 03:55:17|121.207583|31.042147|0.0|198.0|7|000
23342|A|0|0|0|0|0|1|2016-03-07 04:11:31|2016-03-07 03:55:43|121.207568|31.041907|28.7|193.0|8|014|A|0|1|1|0|0|2|2016-03-07 04:11:31|2016-03-07 03:55:27|121.207583|31.042147|0.0|198.0|7|000
23342|A|0|0|0|0|1|1|2016-03-07 04:11:31|2016-03-07 03:56:39|121.211805|31.040805|60.2|91.0|6|061|A|0|1|1|0|1|2|2016-03-07 04:11:31|2016-03-07 03:57:13|121.213185|31.040610|0.0|43.0|6|000
23342|A|0|0|0|0|1|1|2016-03-07 04:11:31|2016-03-07 03:57:09|121.213173|31.040602|5.5|43.0|6|004|A|0|1|1|0|0|2|2016-03-07 04:11:37|2016-03-07 03:57:23|121.213185|31.040610|0.0|43.0|6|000
23570|A|0|0|0|0|0|1|2016-03-07 03:59:58|2016-03-07 03:59:39|121.441772|31.220332|17.1|162.0|7|004|A|0|1|1|0|0|2|2016-03-07 04:12:10|2016-03-07 04:11:51|121.453605|31.181433|0.0|53.0|5|000
20656|A|0|0|0|0|0|1|2016-03-07 04:07:51|2016-03-07 04:07:32|121.436797|31.194665|11.9|165.0|8|006|A|0|1|1|0|0|2|2016-03-07 04:12:15|2016-03-07 04:11:56|121.437178|31.180008|10.6|48.0|9|010
23910|A|0|0|0|0|0|1|2016-03-07 04:02:48|2016-03-07 04:02:29|121.455352|31.320382|19.1|176.0|6|012|A|0|1|1|0|0|2|2016-03-07 04:12:43|2016-03-07 04:12:17|121.455400|31.314915|0.0|180.0|4|000
11540|A|0|0|0|0|0|1|2016-03-07 04:12:53|2016-03-07 04:12:28|121.428043|31.366233|8.7|351.0|10|008|A|0|1|5|0|0|2|2016-03-07 04:12:53|2016-03-07 04:12:09|121.428243|31.365298|33.4|349.0|10|033
11540|A|0|0|0|0|1|1|2016-03-07 04:12:53|2016-03-07 04:12:18|121.428113|31.365912|22.2|350.0|10|022|A|0|1|5|0|0|2|2016-03-07 04:12:53|2016-03-07 04:12:01|121.428403|31.364713|17.7|318.0|10|017
23669|A|0|0|0|0|0|1|2016-03-07 04:10:11|2016-03-07 04:09:52|121.505322|31.298378|27.9|152.0|6|023|A|0|1|1|0|1|2|2016-03-07 04:12:58|2016-03-07 04:12:39|121.493925|31.293580|0.0|353.0|7|000
23367|A|0|0|0|0|0|1|2016-03-07 03:54:45|2016-03-07 03:54:26|121.438845|31.178178|12.2|130.0|7|008|A|0|1|1|0|0|2|2016-03-07 04:13:19|2016-03-07 04:13:00|121.436623|31.248490|0.0|22.0|6|000
26152|A|0|0|0|0|0|1|2016-03-07 04:05:46|2016-03-07 04:05:27|121.399663|31.078288|11.7|186.0|10|010|A|0|1|1|0|1|2|2016-03-07 04:14:12|2016-03-07 04:13:53|121.408275|31.042652|0.0|57.0|10|000
10925|A|0|0|1|0|0|1|2016-03-07 04:14:07|2016-03-07 04:13:47|121.399118|31.263387|21.7|131.0|8|022|A|0|1|1|0|0|2|2016-03-07 04:14:16|2016-03-07 04:13:57|121.399417|31.262937|24.5|162.0|7|022
26180|A|0|0|0|0|1|1|2016-03-07 04:02:49|2016-03-07 04:02:30|121.442572|31.207347|3.8|36.0|4|007|A|0|1|1|0|0|2|2016-03-07 04:14:19|2016-03-07 04:14:00|121.483528|31.229395|0.0|353.0|4|000
25823|A|0|0|1|0|0|1|2016-03-07 04:03:32|2016-03-07 04:03:13|121.409003|31.248347|12.5|209.0|9|012|A|0|1|1|0|1|2|2016-03-07 04:14:46|2016-03-07 04:14:27|121.444910|31.232955|0.0|43.0|7|000
25823|A|0|0|0|0|1|1|2016-03-07 04:14:48|2016-03-07 04:14:29|121.444910|31.232955|0.0|43.0|7|000|A|0|1|1|0|1|2|2016-03-07 04:14:50|2016-03-07 04:14:31|121.444910|31.232955|0.0|43.0|7|000
26366|A|0|0|0|0|0|1|2016-03-07 04:11:11|2016-03-07 04:10:52|121.475645|31.309535|11.4|76.0|9|010|A|0|1|1|0|0|2|2016-03-07 04:15:24|2016-03-07 04:15:04|121.486000|31.313412|0.0|95.0|9|000
23317|A|0|0|1|0|0|1|2016-03-07 04:15:27|2016-03-07 04:15:02|121.461638|31.312660|12.2|96.0|8|013|A|0|1|1|0|0|2|2016-03-07 04:15:27|2016-03-07 04:14:24|121.463302|31.312670|19.2|314.0|9|019
25735|A|0|0|0|0|0|1|2016-03-07 04:07:56|2016-03-07 04:07:37|121.406820|31.225845|35.9|353.0|7|012|A|0|1|1|0|0|2|2016-03-07 04:15:34|2016-03-07 04:15:15|121.433950|31.256348|59.2|65.0|5|059
23547|A|0|0|0|0|0|1|2016-03-07 04:14:27|2016-03-07 04:14:02|121.355567|31.242843|13.4|190.0|9|004|A|0|1|1|0|0|2|2016-03-07 04:15:47|2016-03-07 04:15:28|121.359862|31.236165|0.0|136.0|7|000
18366|A|0|0|0|0|0|1|2016-03-07 04:14:59|2016-03-07 04:13:36|121.525000|31.222898|50.0|0.0|0|050|A|0|1|1|0|0|2|2016-03-07 04:16:19|2016-03-07 04:14:56|121.522800|31.223398|50.0|0.0|0|050
25943|A|0|0|0|0|0|1|2016-03-07 03:49:01|2016-03-07 03:48:42|121.298350|31.210765|0.0|260.0|9|000|A|0|1|1|0|1|2|2016-03-07 04:16:22|2016-03-07 04:16:03|121.310518|31.273282|0.0|198.0|9|000
25943|A|0|0|0|0|1|1|2016-03-07 04:16:25|2016-03-07 04:16:06|121.310518|31.273282|0.0|198.0|10|000|A|0|1|1|0|1|2|2016-03-07 04:16:27|2016-03-07 04:16:08|121.310518|31.273282|0.0|198.0|10|000
10680|A|0|0|V|0|0|1|2016-03-07 01:31:22|2016-03-07 01:31:00|121.402827|31.305858|79.9|310.0|0|000|A|0|1|V|0|0|2|2016-03-07 04:16:32|2010-01-01|121.404032|31.305303|0.0|0.0|0|000
20619|A|0|0|0|0|0|1|2016-03-07 04:12:51|2016-03-07 04:12:32|121.364377|31.210608|10.7|348.0|10|010|A|0|1|1|0|0|2|2016-03-07 04:16:45|2016-03-07 04:16:26|121.354292|31.214662|0.0|358.0|10|000
23519|A|0|0|0|0|0|1|2016-03-07 04:00:33|2016-03-07 04:00:14|121.377342|31.135852|17.6|46.0|6|015|A|0|1|1|0|1|2|2016-03-07 04:17:03|2016-03-07 04:16:44|121.433340|31.197972|0.0|197.0|4|000
25735|A|0|0|0|0|0|1|2016-03-07 04:17:39|2016-03-07 04:17:20|121.430287|31.257365|45.3|305.0|6|039|A|0|1|1|0|0|2|2016-03-07 04:17:41|2016-03-07 04:17:22|121.430083|31.257467|45.3|286.0|7|043
16594|A|0|0|0|0|0|1|2016-03-07 04:17:46|2016-03-07 04:16:58|121.475668|31.227572|30.0|165.0|9|030|A|0|1|1|0|0|2|2016-03-07 04:17:46|2016-03-07 04:17:14|121.475757|31.227320|0.0|151.0|10|000
23412|A|0|0|0|0|0|1|2016-03-07 04:11:20|2016-03-07 04:11:01|121.477500|31.280683|21.7|20.0|8|019|A|0|1|1|0|0|2|2016-03-07 04:18:18|2016-03-07 04:17:56|121.492172|31.308993|0.0|348.0|8|000
26311|A|0|0|0|0|0|1|2016-03-07 04:06:28|2016-03-07 04:06:09|121.464408|31.265965|13.1|240.0|6|009|A|0|1|1|0|0|2|2016-03-07 04:18:22|2016-03-07 04:18:03|121.462140|31.337208|0.0|177.0|9|000
23808|A|0|0|0|0|0|1|2016-03-07 03:47:07|2016-03-07 03:46:48|121.545925|31.317048|0.0|132.0|9|000|A|0|1|1|0|0|2|2016-03-07 04:18:50|2016-03-07 04:18:31|121.545925|31.317048|0.0|132.0|9|000
25928|A|0|0|0|0|1|1|2016-03-07 04:09:28|2016-03-07 04:09:09|121.470360|31.335387|24.9|358.0|7|028|A|0|1|0|0|0|2|2016-03-07 04:18:55|2016-03-07 04:18:36|121.450785|31.340697|15.7|265.0|8|013
21624|A|0|0|0|0|1|1|2016-03-07 04:10:37|2016-03-07 04:10:05|121.462912|31.207107|9.6|239.0|6|013|A|0|1|0|0|0|2|2016-03-07 04:18:56|2016-03-07 04:18:29|121.451518|31.189693|0.0|174.0|5|000
21624|A|0|0|0|0|1|1|2016-03-07 04:18:56|2016-03-07 04:18:19|121.451518|31.189693|0.0|174.0|6|000|A|0|1|1|0|0|2|2016-03-07 04:18:57|2016-03-07 04:18:37|121.451518|31.189693|0.0|174.0|5|000
23630|A|0|0|0|0|0|1|2016-03-07 03:47:43|2016-03-07 03:47:24|121.496495|31.141863|0.0|269.0|9|000|A|0|1|1|0|0|2|2016-03-07 04:18:58|2016-03-07 04:18:39|121.471280|31.247737|0.0|85.0|9|000
26323|A|0|0|0|0|0|1|2016-03-07 04:09:54|2016-03-07 04:09:35|121.510705|31.300677|18.7|25.0|8|017|A|0|1|1|0|0|2|2016-03-07 04:18:59|2016-03-07 04:18:40|121.503350|31.275495|0.0|196.0|8|000
26323|A|0|0|0|0|0|1|2016-03-07 04:19:01|2016-03-07 04:18:41|121.503350|31.275495|0.0|196.0|7|000|A|0|1|1|0|0|2|2016-03-07 04:19:01|2016-03-07 04:18:42|121.503350|31.275495|0.0|196.0|7|000
26363|A|0|0|0|0|0|1|2016-03-07 04:14:45|2016-03-07 04:14:26|121.504240|31.300278|28.8|327.0|8|022|A|0|1|1|0|0|2|2016-03-07 04:19:26|2016-03-07 04:19:07|121.483873|31.310052|0.0|195.0|4|000
26363|A|0|0|0|0|0|1|2016-03-07 04:19:28|2016-03-07 04:19:09|121.483873|31.310052|0.0|195.0|4|000|A|0|1|1|0|0|2|2016-03-07 04:19:30|2016-03-07 04:19:11|121.483873|31.310052|0.0|195.0|4|000
14952|A|0|0|5|0|0|1|2016-03-07 01:09:43|2016-03-07 01:09:14|121.563862|31.158807|0.0|176.0|10|000|A|0|1|1|0|0|2|2016-03-07 04:19:43|2016-03-07 04:12:12|121.563907|31.158833|0.0|176.0|7|000
14952|A|0|0|0|0|0|1|2016-03-07 04:19:43|2016-03-07 04:12:06|121.563907|31.158833|0.0|176.0|7|000|A|0|1|1|0|0|2|2016-03-07 04:19:43|2016-03-07 04:12:42|121.563907|31.158833|0.0|176.0|7|000
26145|A|0|0|0|0|0|1|2016-03-07 04:13:06|2016-03-07 04:12:47|121.459700|31.312648|31.3|273.0|7|029|A|0|1|1|0|1|2|2016-03-07 04:19:51|2016-03-07 04:19:32|121.439793|31.312445|0.0|225.0|4|000
23342|A|0|0|0|0|0|1|2016-03-07 04:11:37|2016-03-07 03:57:29|121.213185|31.040610|0.0|43.0|7|000|A|0|1|1|0|1|2|2016-03-07 04:19:53|2016-03-07 04:19:34|121.114350|31.027097|0.0|69.0|6|000
25989|A|0|0|0|0|0|1|2016-03-07 04:15:25|2016-03-07 04:15:06|121.448843|31.216393|24.1|58.0|7|023|A|0|1|1|0|0|2|2016-03-07 04:20:11|2016-03-07 04:19:52|121.457657|31.206897|0.0|27.0|6|000
25989|A|0|0|0|0|0|1|2016-03-07 04:20:13|2016-03-07 04:19:54|121.457657|31.206897|0.0|27.0|7|000|A|0|1|1|0|0|2|2016-03-07 04:20:15|2016-03-07 04:19:56|121.457657|31.206897|0.0|27.0|7|000
26394|A|0|0|0|0|0|1|2016-03-07 04:15:48|2016-03-07 04:15:29|121.538138|31.291863|26.4|225.0|8|022|A|0|1|1|0|0|2|2016-03-07 04:20:36|2016-03-07 04:20:17|121.524538|31.277168|6.2|241.0|9|006
23880|A|0|0|1|0|0|1|2016-03-07 04:04:09|2016-03-07 04:03:50|121.458253|31.230388|23.7|329.0|6|020|A|0|1|1|0|0|2|2016-03-07 04:20:43|2016-03-07 04:20:24|121.420183|31.250747|0.0|331.0|6|000
20616|A|0|0|0|0|0|1|2016-03-07 04:09:38|2016-03-07 04:09:19|121.466860|31.306343|4.4|269.0|9|005|A|0|1|1|0|0|2|2016-03-07 04:21:02|2016-03-07 04:20:43|121.440358|31.313727|6.2|356.0|11|006
20566|A|0|0|1|0|0|1|2016-03-07 04:18:11|2016-03-07 04:17:52|121.460518|31.221237|19.8|253.0|9|013|A|0|1|1|0|1|2|2016-03-07 04:21:15|2016-03-07 04:20:56|121.453692|31.239605|2.9|268.0|6|000
23531|A|0|0|0|0|0|1|2016-03-07 04:13:13|2016-03-07 04:12:54|121.439483|31.239190|7.7|2.0|7|008|A|0|1|1|0|0|2|2016-03-07 04:21:31|2016-03-07 04:21:12|121.459710|31.251848|0.0|104.0|7|000
25933|A|0|0|0|0|1|1|2016-03-07 04:16:19|2016-03-07 04:16:00|121.451482|31.333000|14.5|254.0|10|014|A|0|1|1|0|1|2|2016-03-07 04:21:33|2016-03-07 04:21:14|121.440480|31.339070|0.0|167.0|11|000
23531|A|0|0|0|0|0|1|2016-03-07 04:21:33|2016-03-07 04:21:13|121.459710|31.251848|0.0|104.0|7|000|A|0|1|1|0|0|2|2016-03-07 04:21:34|2016-03-07 04:21:15|121.459710|31.251848|0.0|104.0|6|000
23521|A|0|0|0|0|0|1|2016-03-07 04:15:33|2016-03-07 04:15:13|121.230910|31.008765|3.9|204.0|8|003|A|0|1|0|0|0|2|2016-03-07 04:21:36|2016-03-07 04:21:17|121.263430|31.007990|0.0|105.0|9|000
23794|A|0|0|0|0|0|1|2016-03-07 04:13:21|2016-03-07 04:13:02|121.474878|31.228573|12.5|230.0|8|010|A|0|1|1|0|0|2|2016-03-07 04:22:14|2016-03-07 04:21:55|121.494687|31.182417|23.4|38.0|7|019
26316|A|0|0|0|0|0|1|2016-03-07 04:19:38|2016-03-07 04:19:19|121.436967|31.308000|37.6|17.0|4|026|A|0|1|5|0|0|2|2016-03-07 04:22:28|2016-03-07 04:22:09|121.436087|31.316843|0.0|356.0|4|000
26042|A|0|0|1|0|0|1|2016-03-07 03:57:40|2016-03-07 03:57:21|121.440257|31.326092|23.9|36.0|4|021|A|0|1|1|0|1|2|2016-03-07 04:22:38|2016-03-07 04:22:19|121.426280|31.267620|0.0|66.0|6|000
25900|A|0|0|0|0|0|1|2016-03-07 04:06:11|2016-03-07 04:05:52|121.514338|31.232322|26.9|103.0|5|010|A|0|1|1|0|1|2|2016-03-07 04:22:51|2016-03-07 04:22:32|121.446900|31.158938|0.0|253.0|7|000
20537|A|0|0|0|0|0|1|2016-03-07 04:15:49|2016-03-07 04:15:30|121.487475|31.342315|25.1|169.0|11|026|A|0|1|1|0|1|2|2016-03-07 04:22:59|2016-03-07 04:22:40|121.480193|31.287587|0.0|94.0|8|000
26107|A|0|0|0|0|0|1|2016-03-07 04:08:27|2016-03-07 04:08:08|121.413948|31.239097|8.7|306.0|8|005|A|0|1|1|0|1|2|2016-03-07 04:23:03|2016-03-07 04:22:44|121.511222|31.296718|0.0|1.0|6|000
10500|A|0|0|0|0|1|1|2016-03-07 04:23:25|2016-03-07 04:18:31|121.322407|31.197340|15.6|61.0|8|018|A|0|1|1|0|0|2|2016-03-07 04:23:25|2016-03-07 04:19:07|121.322507|31.197425|0.0|36.0|8|000
10500|A|0|0|0|0|1|1|2016-03-07 04:23:25|2016-03-07 04:18:42|121.322507|31.197425|0.0|36.0|8|000|A|0|1|1|0|0|2|2016-03-07 04:23:25|2016-03-07 04:19:18|121.322507|31.197425|0.0|36.0|8|000
13098|A|0|0|0|0|1|1|2016-03-07 01:15:05|2016-03-07 01:14:40|121.443483|31.317498|14.0|186.0|6|013|A|0|1|5|0|0|2|2016-03-07 04:23:28|2016-03-07 04:23:09|121.444157|31.258888|0.0|94.0|4|000
26309|A|0|0|0|0|0|1|2016-03-07 04:16:15|2016-03-07 04:15:56|121.474087|31.228132|5.3|147.0|7|004|A|0|1|1|0|0|2|2016-03-07 04:23:30|2016-03-07 04:23:11|121.450795|31.240207|0.0|355.0|7|000
23317|A|0|0|0|0|0|1|2016-03-07 04:15:28|2016-03-07 04:15:08|121.462060|31.312682|31.7|87.0|7|032|A|0|1|1|0|0|2|2016-03-07 04:23:53|2016-03-07 04:23:34|121.478680|31.287742|0.0|98.0|8|000
17211|A|0|0|0|0|0|1|2016-03-07 03:38:43|2016-03-07 03:38:24|121.534012|31.327758|52.8|175.0|4|044|A|0|1|1|0|1|2|2016-03-07 04:23:58|2016-03-07 04:23:38|121.515287|31.303088|5.3|70.0|6|005
26397|A|0|0|0|0|0|1|2016-03-07 04:20:21|2016-03-07 04:20:02|121.454102|31.337437|24.1|334.0|6|023|A|0|1|1|0|0|2|2016-03-07 04:25:21|2016-03-07 04:25:02|121.474445|31.339910|0.0|11.0|7|000
20639|A|0|0|0|0|0|1|2016-03-07 04:12:29|2016-03-07 04:11:37|121.433440|31.313602|69.0|172.0|8|069-|A|0|1|1|0|0|2|2016-03-07 04:25:22|2016-03-07 04:25:03|121.439937|31.267717|0.0|228.0|7|000
26258|A|0|0|0|0|0|1|2016-03-07 04:09:06|2016-03-07 04:08:47|121.424445|31.156062|0.0|91.0|5|004|A|0|1|0|0|0|2|2016-03-07 04:25:23|2016-03-07 04:23:23|121.366117|31.160337|0.0|125.0|8|000
26258|A|0|0|0|0|0|1|2016-03-07 04:25:23|2016-03-07 04:23:03|121.366117|31.160337|0.0|125.0|8|000|A|0|1|1|0|0|2|2016-03-07 04:25:23|2016-03-07 04:23:30|121.366142|31.160265|11.9|159.0|8|012
23367|A|0|0|0|0|0|1|2016-03-07 04:16:39|2016-03-07 04:16:20|121.442515|31.244072|19.8|335.0|6|005|A|0|1|1|0|0|2|2016-03-07 04:25:24|2016-03-07 04:25:05|121.476627|31.225472|0.0|169.0|4|000
23367|A|0|0|0|0|0|1|2016-03-07 04:25:26|2016-03-07 04:25:07|121.476627|31.225472|0.0|169.0|5|000|A|0|1|1|0|0|2|2016-03-07 04:25:28|2016-03-07 04:25:09|121.476627|31.225472|0.0|169.0|5|000
26258|A|0|0|0|0|0|1|2016-03-07 04:25:23|2016-03-07 04:23:13|121.366117|31.160337|0.0|125.0|8|000|A|0|1|1|0|0|2|2016-03-07 04:25:33|2016-03-07 04:23:36|121.366333|31.160053|22.8|122.0|8|023
23377|A|0|0|0|0|0|1|2016-03-07 04:02:47|2016-03-07 04:02:27|121.376497|31.245160|29.9|220.0|6|031|A|0|1|1|0|0|2|2016-03-07 04:25:39|2016-03-07 04:25:19|121.476157|31.207667|16.9|235.0|8|016
25921|A|0|0|0|0|0|1|2016-03-07 04:22:40|2016-03-07 04:22:21|121.569682|31.348023|26.5|340.0|10|025|A|0|1|1|0|1|2|2016-03-07 04:26:29|2016-03-07 04:26:10|121.584148|31.346985|0.0|154.0|11|000
25997|A|0|0|0|0|1|1|2016-03-07 04:15:11|2016-03-07 04:14:52|121.481473|31.276968|59.2|337.0|8|058|A|0|1|1|0|1|2|2016-03-07 04:27:36|2016-03-07 04:27:17|121.407263|31.215375|2.6|189.0|9|000
20538|A|0|0|0|0|1|1|2016-03-07 03:54:53|2016-03-07 03:54:34|121.406553|31.274913|7.7|235.0|6|008|A|0|1|1|0|0|2|2016-03-07 04:28:14|2016-03-07 04:27:55|121.392167|31.327322|0.0|92.0|5|000
18712|A|0|0|0|0|0|1|2016-03-07 04:28:16|2016-03-07 04:26:43|121.429587|31.114848|0.0|338.0|10|000|A|0|1|5|0|0|2|2016-03-07 04:28:16|2016-03-07 04:26:58|121.429587|31.114848|0.0|338.0|10|000
26260|A|0|0|0|0|0|1|2016-03-07 04:11:13|2016-03-07 04:10:54|121.432977|31.191463|21.9|11.0|10|020|A|0|1|1|0|1|2|2016-03-07 04:28:25|2016-03-07 04:28:06|121.419898|31.230535|0.0|246.0|9|000
23509|A|0|0|0|0|0|1|2016-03-07 04:21:18|2016-03-07 04:20:59|121.341517|31.178473|0.0|92.0|11|000|A|0|1|1|0|0|2|2016-03-07 04:28:50|2016-03-07 04:28:31|121.322985|31.195018|0.0|332.0|11|000
26267|A|0|0|0|0|0|1|2016-03-07 04:14:20|2016-03-07 04:14:01|121.488087|31.214743|29.1|260.0|9|031|A|0|1|1|0|0|2|2016-03-07 04:28:54|2016-03-07 04:28:35|121.446907|31.159927|9.6|167.0|9|011
23519|A|0|0|0|0|0|1|2016-03-07 04:20:20|2016-03-07 04:20:01|121.432375|31.199853|19.4|144.0|7|017|A|0|1|1|0|0|2|2016-03-07 04:29:20|2016-03-07 04:29:01|121.407452|31.151177|36.7|338.0|6|037
21365|A|0|0|0|0|0|1|2016-03-07 03:55:03|2016-03-07 03:54:33|121.432160|31.381578|0.0|70.0|8|000|A|0|1|5|0|0|2|2016-03-07 04:29:27|2016-03-07 04:28:29|121.432168|31.381652|0.0|70.0|7|000
30037|A|0|0|0|0|0|1|2016-03-07 04:25:01|2016-03-07 04:24:35|121.409748|31.098943|11.0|334.0|10|004|A|0|1|1|0|0|2|2016-03-07 04:29:52|2016-03-07 04:29:31|121.395550|31.110617|0.0|331.0|12|000
25924|A|0|0|1|0|0|1|2016-03-07 04:01:01|2016-03-07 04:00:42|121.250117|31.107528|0.0|200.0|7|000|A|0|1|1|0|0|2|2016-03-07 04:29:58|2016-03-07 04:29:39|121.395503|31.159152|0.0|161.0|8|000
26039|A|0|0|0|0|0|1|2016-03-07 04:23:19|2016-03-07 04:23:00|121.486182|31.281963|9.6|0.0|10|009|A|0|1|1|0|0|2|2016-03-07 04:30:07|2016-03-07 04:29:48|121.477175|31.309935|0.0|264.0|10|000
23346|A|0|0|0|0|0|1|2016-03-07 04:23:43|2016-03-07 04:23:24|121.483893|31.226763|33.2|336.0|7|030|A|0|1|1|0|1|2|2016-03-07 04:31:01|2016-03-07 04:30:41|121.472817|31.258820|2.9|19.0|8|000
25924|A|0|0|0|0|0|1|2016-03-07 04:30:58|2016-03-07 04:30:39|121.395507|31.159168|0.0|161.0|8|000|A|0|1|1|0|0|2|2016-03-07 04:31:01|2016-03-07 04:30:41|121.395507|31.159168|0.0|166.0|8|000
22075|A|0|0|0|0|0|1|2016-03-07 04:31:07|2016-03-07 04:12:00|121.522605|31.147345|0.0|328.0|6|000|A|0|1|0|0|0|2|2016-03-07 04:31:08|2016-03-07 04:17:40|121.522602|31.147350|0.0|328.0|7|000
22075|A|0|0|0|0|0|1|2016-03-07 04:31:08|2016-03-07 04:17:30|121.522602|31.147350|0.0|328.0|6|000|A|0|1|0|0|0|2|2016-03-07 04:31:08|2016-03-07 04:18:20|121.522602|31.147350|0.0|58.0|7|000
10309|A|0|0|0|0|0|1|2016-03-07 04:24:57|2016-03-07 04:24:04|121.482527|31.217828|20.2|207.0|9|019|A|0|1|1|0|1|2|2016-03-07 04:31:19|2016-03-07 04:31:00|121.466660|31.202615|27.5|176.0|8|027
23547|A|0|0|0|0|0|1|2016-03-07 04:21:21|2016-03-07 04:21:02|121.357535|31.246508|10.3|28.0|8|002|A|0|1|1|0|0|2|2016-03-07 04:31:24|2016-03-07 04:31:05|121.385715|31.247973|0.0|116.0|9|001
25855|A|0|0|0|0|0|1|2016-03-07 04:28:32|2016-03-07 04:28:12|121.479665|31.339132|0.0|132.0|6|000|A|0|1|5|0|0|2|2016-03-07 04:32:06|2016-03-07 04:31:47|121.479662|31.339103|0.0|129.0|6|000
26316|A|0|0|0|0|0|1|2016-03-07 04:29:48|2016-03-07 04:29:29|121.436808|31.315165|11.9|155.0|3|015|A|0|1|5|0|0|2|2016-03-07 04:32:10|2016-03-07 04:31:51|121.432112|31.321723|34.5|185.0|4|025
14641|A|0|0|0|0|0|1|2016-03-07 03:47:16|2016-03-07 03:46:56|121.480977|31.231502|20.0|56.0|7|020-|A|0|1|1|0|0|2|2016-03-07 04:32:13|2016-03-07 04:30:37|121.482132|31.242973|0.0|165.0|5|000
26181|A|0|0|1|0|0|1|2016-03-07 04:26:58|2016-03-07 04:26:39|121.431785|31.334072|13.9|33.0|8|000|A|0|1|1|0|0|2|2016-03-07 04:32:17|2016-03-07 04:31:58|121.417920|31.331370|16.4|352.0|5|016
13472|A|0|0|0|0|0|1|2016-03-07 04:17:54|2016-03-07 04:17:35|121.482868|31.247323|31.9|261.0|6|030|A|0|1|1|0|0|2|2016-03-07 04:32:33|2016-03-07 04:32:14|121.431415|31.267173|24.1|337.0|9|020
23630|A|0|0|0|0|0|1|2016-03-07 04:23:26|2016-03-07 04:23:07|121.467132|31.247065|14.9|235.0|10|012|A|0|1|1|0|0|2|2016-03-07 04:32:54|2016-03-07 04:32:35|121.485158|31.210180|0.0|79.0|11|000
26323|A|0|0|0|0|0|1|2016-03-07 04:24:13|2016-03-07 04:23:54|121.514022|31.277838|17.5|341.0|8|016|A|0|1|1|0|0|2|2016-03-07 04:32:54|2016-03-07 04:32:35|121.488425|31.295223|7.2|351.0|8|006
23630|A|0|0|0|0|0|1|2016-03-07 04:32:56|2016-03-07 04:32:37|121.485158|31.210180|0.0|79.0|10|000|A|0|1|1|0|0|2|2016-03-07 04:32:58|2016-03-07 04:32:39|121.485158|31.210180|0.0|79.0|11|000
26246|A|0|0|0|0|0|1|2016-03-07 04:23:59|2016-03-07 04:23:40|121.389242|31.196520|28.0|337.0|9|028-|A|0|1|1|0|0|2|2016-03-07 04:33:25|2016-03-07 04:33:06|121.317018|31.195028|0.0|144.0|11|000
20689|A|0|0|0|0|0|1|2016-03-07 04:20:27|2016-03-07 04:20:08|121.460077|31.276263|25.9|316.0|7|026|A|0|1|1|0|1|2|2016-03-07 04:33:46|2016-03-07 04:33:26|121.446647|31.317372|0.0|108.0|9|000
25910|A|0|0|0|0|0|1|2016-03-07 04:26:57|2016-03-07 04:26:37|121.469238|31.238058|24.4|342.0|10|021|A|0|1|1|0|1|2|2016-03-07 04:34:09|2016-03-07 04:33:50|121.469460|31.237772|0.0|169.0|10|000
11606|A|0|0|0|0|0|1|2016-03-07 04:34:16|2016-03-07 04:30:23|121.363333|31.239205|10.5|283.0|8|012|A|0|1|1|0|1|2|2016-03-07 04:34:16|2016-03-07 04:30:12|121.363415|31.239177|13.3|297.0|8|009
11606|A|0|0|0|0|0|1|2016-03-07 04:34:16|2016-03-07 04:30:43|121.362767|31.239505|0.0|296.0|6|000|A|0|1|1|0|0|2|2016-03-07 04:34:16|2016-03-07 04:30:00|121.364390|31.238637|22.6|304.0|7|014
26296|A|0|0|0|0|0|1|2016-03-07 00:49:50|2016-03-07 00:49:31|121.357622|31.353282|0.0|282.0|8|000|A|0|1|5|0|0|2|2016-03-07 04:34:16|2016-03-07 04:33:57|121.357677|31.353220|0.0|282.0|8|000
26290|A|0|0|0|0|0|1|2016-03-07 04:07:12|2016-03-07 04:06:53|121.470068|31.220647|23.7|168.0|10|021|A|0|1|1|0|0|2|2016-03-07 04:34:24|2016-03-07 04:34:05|121.525498|31.272947|0.0|65.0|9|000
23792|A|0|0|0|0|0|1|2016-03-07 04:31:02|2016-03-07 04:30:43|121.451207|31.320573|14.9|162.0|7|017|A|0|1|1|0|0|2|2016-03-07 04:34:28|2016-03-07 04:34:09|121.457317|31.316607|15.9|263.0|6|015
23792|A|0|0|0|0|0|1|2016-03-07 04:34:29|2016-03-07 04:34:10|121.457263|31.316605|15.9|261.0|6|018|A|0|1|1|0|0|2|2016-03-07 04:34:31|2016-03-07 04:34:12|121.457122|31.316597|22.6|260.0|6|022
20586|A|0|0|0|0|0|1|2016-03-07 04:22:43|2016-03-07 04:22:24|121.353203|31.211063|30.1|274.0|9|030|A|0|1|1|0|1|2|2016-03-07 04:34:51|2016-03-07 04:34:32|121.327398|31.225448|0.0|258.0|12|000
26171|A|0|0|0|0|0|1|2016-03-07 04:26:03|2016-03-07 04:25:44|121.346707|31.403318|15.5|177.0|7|005|A|0|1|1|0|1|2|2016-03-07 04:35:46|2016-03-07 04:35:27|121.359033|31.356732|0.0|260.0|6|004
23508|A|0|0|0|0|0|1|2016-03-07 04:06:43|2016-03-07 04:06:24|121.477063|31.213880|18.9|158.0|6|014|A|0|1|5|0|0|2|2016-03-07 04:36:20|2016-03-07 04:35:57|121.493362|31.217307|18.6|54.0|7|017
10723|A|0|0|0|0|0|1|2016-03-07 00:34:43|2016-03-07 00:32:49|121.308960|31.014697|34.1|84.0|7|034|A|0|1|0|0|0|2|2016-03-07 04:36:29|2016-03-07 04:29:04|121.316503|31.195092|0.0|255.0|9|000
26204|A|0|0|0|0|0|1|2016-03-07 04:07:44|2016-03-07 04:07:25|121.541773|31.325860|40.3|193.0|8|040|A|0|1|1|0|1|2|2016-03-07 04:37:01|2016-03-07 04:36:42|121.468128|31.193680|0.0|39.0|7|000
27391|A|0|0|0|0|1|1|2016-03-07 04:37:06|2016-03-07 04:30:28|121.448543|31.108290|45.6|88.0|8|049|A|0|1|0|0|1|2|2016-03-07 04:37:06|2016-03-07 04:30:38|121.449020|31.108280|0.0|84.0|7|000
23638|A|0|0|1|0|0|1|2016-03-07 04:35:43|2016-03-07 04:35:23|121.269685|31.114265|17.6|167.0|9|014|A|0|1|0|0|0|2|2016-03-07 04:37:16|2016-03-07 04:36:57|121.272283|31.111103|16.1|74.0|11|013
23638|A|0|0|1|0|0|1|2016-03-07 04:37:18|2016-03-07 04:36:58|121.272328|31.111115|20.6|74.0|11|017|A|0|1|1|0|0|2|2016-03-07 04:37:20|2016-03-07 04:37:01|121.272533|31.111167|29.6|72.0|11|028
26031|A|0|0|0|0|0|1|2016-03-07 04:17:20|2016-03-07 04:17:01|121.444465|31.213670|24.9|69.0|7|017|A|0|1|0|0|1|2|2016-03-07 04:37:21|2016-03-07 04:36:57|121.514690|31.257608|0.0|73.0|5|000
26031|A|0|0|0|0|1|1|2016-03-07 04:37:21|2016-03-07 04:37:00|121.514690|31.257608|0.0|73.0|7|000|A|0|1|1|0|1|2|2016-03-07 04:37:21|2016-03-07 04:37:02|121.514690|31.257608|0.0|73.0|7|000
26129|A|0|0|0|0|0|1|2016-03-07 04:12:16|2016-03-07 04:11:57|121.583327|31.271400|13.8|152.0|10|013|A|0|1|1|0|0|2|2016-03-07 04:38:16|2016-03-07 04:37:57|121.471125|31.239732|0.0|348.0|8|000
23795|A|0|0|0|0|0|1|2016-03-07 04:25:12|2016-03-07 04:24:53|121.503245|31.259960|10.5|249.0|9|011|A|0|1|1|0|0|2|2016-03-07 04:38:22|2016-03-07 04:38:03|121.471110|31.263515|0.0|51.0|8|000
10309|A|0|0|0|0|0|1|2016-03-07 04:33:32|2016-03-07 04:33:10|121.467643|31.200453|24.9|330.0|9|023|A|0|1|1|0|1|2|2016-03-07 04:38:49|2016-03-07 04:38:30|121.463222|31.222360|10.4|241.0|9|010
26130|A|0|0|0|0|0|1|2016-03-07 04:19:38|2016-03-07 04:19:19|121.386992|31.270648|17.9|83.0|11|018|A|0|1|1|0|0|2|2016-03-07 04:38:56|2016-03-07 04:38:37|121.423973|31.155780|0.0|45.0|10|000
10361|A|0|0|0|0|0|1|2016-03-07 04:31:53|2016-03-07 04:11:39|121.403433|31.357985|0.0|338.0|6|000|A|0|1|0|0|0|2|2016-03-07 04:38:57|2016-03-07 04:33:00|121.405372|31.359788|42.0|83.0|8|042
10361|A|0|0|0|0|0|1|2016-03-07 04:38:57|2016-03-07 04:32:40|121.403325|31.359255|20.1|48.0|9|020|A|0|1|5|0|1|2|2016-03-07 04:38:57|2016-03-07 04:33:02|121.405620|31.359783|40.0|98.0|8|039
23692|A|0|0|0|0|0|1|2016-03-07 04:31:41|2016-03-07 04:26:28|121.455708|31.232262|42.8|68.0|5|039|A|0|1|1|0|0|2|2016-03-07 04:39:16|2016-03-07 04:38:57|121.475885|31.218357|0.0|66.0|8|000
23750|A|0|0|0|0|0|1|2016-03-07 04:30:14|2016-03-07 04:29:55|121.399738|31.123265|8.5|99.0|8|009|A|0|1|1|0|0|2|2016-03-07 04:39:29|2016-03-07 04:38:34|121.376908|31.137905|13.7|347.0|7|011
25905|A|0|0|1|0|0|1|2016-03-07 04:15:29|2016-03-07 04:15:10|121.472770|31.254205|23.2|138.0|9|015|A|0|1|0|0|0|2|2016-03-07 04:39:33|2016-03-07 04:37:28|121.300328|31.154038|16.3|144.0|8|011
25710|A|0|0|0|0|0|1|2016-03-07 04:13:46|2016-03-07 04:13:27|121.461103|31.277978|10.9|188.0|10|011|A|0|1|1|0|0|2|2016-03-07 04:39:38|2016-03-07 04:39:19|121.341082|31.146103|0.0|233.0|11|000
25822|A|1|0|0|0|0|1|2016-03-07 04:37:56|2016-03-07 04:37:37|121.509832|31.295827|31.4|132.0|3|013|A|1|1|1|0|1|2|2016-03-07 04:40:25|2016-03-07 04:40:06|121.514420|31.290602|6.9|72.0|4|027
26390|A|0|0|0|0|0|1|2016-03-07 04:35:59|2016-03-07 04:35:40|121.450903|31.272898|25.5|146.0|11|017|A|0|1|5|0|0|2|2016-03-07 04:41:43|2016-03-07 04:41:24|121.446957|31.246650|0.0|183.0|9|000
26390|A|0|0|0|0|0|1|2016-03-07 04:41:45|2016-03-07 04:41:26|121.446957|31.246650|0.0|183.0|8|000|A|0|1|5|0|0|2|2016-03-07 04:41:47|2016-03-07 04:41:28|121.446957|31.246650|0.0|183.0|8|000
23522|A|0|0|0|0|0|1|2016-03-07 04:25:22|2016-03-07 04:25:03|121.444473|31.120950|0.0|76.0|11|000|A|0|1|1|0|1|2|2016-03-07 04:41:56|2016-03-07 04:41:37|121.426612|31.191913|0.0|346.0|4|004
26227|A|0|0|0|0|0|1|2016-03-07 04:32:38|2016-03-07 04:32:19|121.467368|31.197167|12.9|98.0|8|012|A|0|1|1|0|1|2|2016-03-07 04:42:09|2016-03-07 04:41:50|121.493178|31.223158|0.0|115.0|8|000
26180|A|0|0|1|0|0|1|2016-03-07 04:30:01|2016-03-07 04:29:42|121.469047|31.227795|32.2|120.0|7|014|A|0|1|1|0|0|2|2016-03-07 04:42:42|2016-03-07 04:42:23|121.508127|31.255392|0.0|311.0|6|000
13031|A|0|0|0|0|0|1|2016-03-07 00:23:50|2016-03-07 00:22:24|121.314123|31.192087|35.8|175.0|7|024|A|0|1|5|0|0|2|2016-03-07 04:42:44|2016-03-07 04:41:31|121.448367|31.116922|0.0|216.0|7|000
25735|A|0|0|0|0|0|1|2016-03-07 04:26:56|2016-03-07 04:26:37|121.420843|31.227788|36.5|114.0|6|022|A|0|1|1|0|0|2|2016-03-07 04:42:49|2016-03-07 04:42:30|121.286907|31.334978|17.7|255.0|9|024
23895|A|0|0|0|0|0|1|2016-03-07 04:43:06|2016-03-07 04:42:47|121.484412|31.345995|0.0|54.0|11|000|A|0|1|5|0|0|2|2016-03-07 04:43:12|2016-03-07 04:42:53|121.484412|31.345995|0.0|54.0|11|000
23632|A|0|0|2|0|0|1|2016-03-07 04:38:04|2016-03-07 04:37:43|121.403193|31.237125|18.9|150.0|4|011|A|0|1|1|0|0|2|2016-03-07 04:43:39|2016-03-07 04:43:20|121.396903|31.217667|0.0|46.0|3|000
26204|A|0|0|0|0|0|1|2016-03-07 04:41:57|2016-03-07 04:41:38|121.463513|31.202775|12.5|359.0|6|006|A|0|1|1|0|1|2|2016-03-07 04:43:40|2016-03-07 04:43:21|121.461608|31.211900|0.0|323.0|7|002
26127|A|0|0|0|0|0|1|2016-03-07 04:26:04|2016-03-07 04:25:45|121.279375|31.110822|4.4|161.0|9|004|A|0|1|1|0|1|2|2016-03-07 04:43:55|2016-03-07 04:43:36|121.342143|31.196030|0.0|96.0|8|000
17953|A|0|0|0|0|1|1|2016-03-07 04:43:59|2016-03-07 04:39:40|121.431618|31.306903|0.0|320.0|8|000|A|0|1|5|0|1|2|2016-03-07 04:43:59|2016-03-07 04:40:13|121.431618|31.306903|0.0|320.0|8|000
10438|A|0|0|0|0|0|1|2016-03-07 02:14:54|2016-03-07 02:14:06|121.369253|31.362812|0.0|257.0|6|000|A|0|1|1|0|0|2|2016-03-07 04:44:02|2016-03-07 04:43:42|121.369268|31.362668|0.0|160.0|8|000
26127|A|0|0|0|0|1|1|2016-03-07 04:43:58|2016-03-07 04:43:39|121.342143|31.196030|0.0|96.0|8|000|A|0|1|1|0|0|2|2016-03-07 04:44:08|2016-03-07 04:43:49|121.342168|31.195963|11.9|174.0|8|011
23010|A|0|0|0|0|0|1|2016-03-07 04:33:22|2016-03-07 04:33:03|121.464442|31.240692|16.0|91.0|9|011|A|0|1|1|0|0|2|2016-03-07 04:44:12|2016-03-07 04:43:53|121.495623|31.218020|5.7|184.0|8|005
23713|A|0|0|0|0|0|1|2016-03-07 04:17:33|2016-03-07 04:17:15|121.420593|31.331003|13.9|68.0|7|011|A|0|1|1|0|0|2|2016-03-07 04:44:13|2016-03-07 04:43:54|121.475558|31.212102|7.1|61.0|6|011
26258|A|0|0|1|0|0|1|2016-03-07 04:30:03|2016-03-07 04:29:42|121.380442|31.145493|27.1|344.0|8|026|A|0|1|1|0|1|2|2016-03-07 04:44:14|2016-03-07 04:43:55|121.401750|31.186755|15.5|80.0|6|014
11253|A|0|0|1|0|0|1|2016-03-07 04:44:12|2016-03-07 04:43:53|121.450652|31.332558|0.0|175.0|11|000|A|0|1|1|0|0|2|2016-03-07 04:44:22|2016-03-07 04:44:03|121.450652|31.332558|0.0|175.0|12|000
23786|A|0|0|0|0|0|1|2016-03-07 04:37:43|2016-03-07 04:37:23|121.281792|31.147633|12.6|128.0|11|013|A|0|1|1|0|0|2|2016-03-07 04:44:52|2016-03-07 04:44:23|121.313462|31.128155|0.0|98.0|10|000
26039|A|0|0|0|0|0|1|2016-03-07 04:30:47|2016-03-07 04:30:28|121.477225|31.309805|11.6|83.0|11|010|A|0|1|1|0|0|2|2016-03-07 04:45:10|2016-03-07 04:44:51|121.515798|31.267348|6.0|61.0|6|032
16331|A|0|0|0|0|0|1|2016-03-07 04:45:14|2016-03-07 04:41:40|121.422247|31.331293|28.0|274.0|11|025|A|0|1|1|0|0|2|2016-03-07 04:45:14|2016-03-07 04:42:14|121.421117|31.331037|0.0|114.0|11|000
25881|A|0|0|1|0|0|1|2016-03-07 04:40:09|2016-03-07 04:39:50|121.412990|31.189882|18.4|74.0|10|017|A|0|1|1|0|1|2|2016-03-07 04:45:34|2016-03-07 04:45:15|121.429367|31.194318|0.0|151.0|7|000
26181|A|0|0|0|0|0|1|2016-03-07 04:40:41|2016-03-07 04:40:21|121.417578|31.330577|16.8|76.0|8|014|A|0|1|1|0|1|2|2016-03-07 04:45:50|2016-03-07 04:45:31|121.438017|31.334108|0.0|249.0|9|000
25924|A|0|0|0|0|0|1|2016-03-07 04:39:10|2016-03-07 04:38:51|121.391595|31.157872|10.5|260.0|8|006|A|0|1|0|0|1|2|2016-03-07 04:46:03|2016-03-07 04:45:43|121.375398|31.137273|0.0|278.0|7|000
26060|A|0|0|0|0|0|1|2016-03-07 04:42:14|2016-03-07 04:41:55|121.476363|31.260532|8.8|293.0|9|006|A|0|1|1|0|0|2|2016-03-07 04:46:13|2016-03-07 04:45:54|121.471218|31.270070|0.0|25.0|9|000
23783|A|0|0|0|0|0|1|2016-03-07 04:32:51|2016-03-07 04:32:32|121.472352|31.287813|24.5|187.0|9|024|A|0|1|1|0|0|2|2016-03-07 04:46:14|2016-03-07 04:45:55|121.479302|31.242085|5.9|169.0|10|005
23783|A|0|0|0|0|0|1|2016-03-07 04:46:16|2016-03-07 04:45:57|121.479303|31.242080|0.0|169.0|9|000|A|0|1|1|0|0|2|2016-03-07 04:46:19|2016-03-07 04:45:59|121.479303|31.242080|0.0|169.0|9|000
23584|A|0|0|0|0|0|1|2016-03-07 04:22:28|2016-03-07 04:22:09|121.255168|31.108867|0.0|66.0|9|000|A|0|1|1|0|0|2|2016-03-07 04:46:21|2016-03-07 04:46:01|121.255133|31.108882|0.0|66.0|10|000
26394|A|0|0|0|0|0|1|2016-03-07 04:42:57|2016-03-07 04:42:36|121.534275|31.320878|27.6|357.0|11|025|A|0|1|1|0|0|2|2016-03-07 04:46:21|2016-03-07 04:46:02|121.532293|31.333455|0.0|274.0|8|000
25924|A|0|0|0|0|0|1|2016-03-07 04:46:41|2016-03-07 04:46:22|121.375592|31.137373|23.4|68.0|9|020|A|0|1|1|0|0|2|2016-03-07 04:46:43|2016-03-07 04:46:24|121.375735|31.137392|23.4|46.0|9|030
26169|A|0|0|0|0|0|1|2016-03-07 04:08:51|2016-03-07 04:08:32|121.398405|31.163052|66.3|159.0|8|066|A|0|1|1|0|0|2|2016-03-07 04:47:05|2016-03-07 04:46:46|121.813932|31.117783|57.5|162.0|12|057
25953|A|0|0|0|0|0|1|2016-03-07 04:47:03|2016-03-07 04:46:44|121.473542|31.280935|15.2|46.0|7|010|A|0|1|5|0|0|2|2016-03-07 04:47:05|2016-03-07 04:46:46|121.473637|31.280998|14.7|2.0|8|012
11214|A|0|0|1|0|0|1|2016-03-07 04:47:06|2016-03-07 04:45:58|121.382842|31.208198|14.5|45.0|10|019|A|0|1|1|0|0|2|2016-03-07 04:47:06|2016-03-07 04:45:51|121.382243|31.208365|24.3|107.0|8|018
23794|A|0|0|0|0|0|1|2016-03-07 04:42:23|2016-03-07 04:42:04|121.458702|31.259607|13.7|341.0|8|007|A|0|1|1|0|0|2|2016-03-07 04:47:32|2016-03-07 04:47:10|121.441510|31.259137|0.0|211.0|6|000
23347|A|0|0|2|0|0|1|2016-03-07 04:17:11|2016-03-07 04:16:46|121.476630|31.174108|13.9|242.0|8|013|A|0|1|1|0|1|2|2016-03-07 04:47:38|2016-03-07 04:47:19|121.803223|31.153682|0.0|343.0|9|000
23759|A|0|0|0|0|0|1|2016-03-07 04:34:23|2016-03-07 04:34:04|121.444807|31.213890|12.5|41.0|8|010|A|0|1|1|0|0|2|2016-03-07 04:48:01|2016-03-07 04:47:41|121.441883|31.248175|0.0|300.0|6|000
23777|A|0|0|2|0|0|1|2016-03-07 04:32:48|2016-03-07 04:32:21|121.694535|31.191700|29.7|156.0|12|027|A|0|1|1|0|0|2|2016-03-07 04:48:20|2016-03-07 04:48:01|121.799422|31.152503|0.0|156.0|9|000
22089|A|0|0|0|0|0|1|2016-03-07 00:46:52|2016-03-07 00:46:32|121.516758|31.239492|52.1|156.0|5|052|A|0|1|5|0|0|2|2016-03-07 04:49:02|2016-03-07 04:48:43|121.514673|31.238323|0.0|339.0|5|000
23376|A|0|0|0|0|0|1|2016-03-07 04:38:24|2016-03-07 04:38:05|121.447823|31.218783|6.9|320.0|6|000|A|0|1|1|0|0|2|2016-03-07 04:49:16|2016-03-07 04:48:54|121.439148|31.253320|0.0|168.0|5|009
20669|A|0|0|0|0|0|1|2016-03-07 04:15:24|2016-03-07 04:15:05|121.432667|31.223018|19.1|245.0|5|014|A|0|1|0|0|1|2|2016-03-07 04:49:41|2016-03-07 04:43:42|121.304775|31.215448|0.0|316.0|4|000
17923|A|0|0|0|0|1|1|2016-03-07 04:49:47|2016-03-07 04:42:43|121.388498|31.205672|0.0|90.0|10|000|A|0|1|0|0|0|2|2016-03-07 04:49:47|2016-03-07 04:43:23|121.389373|31.205688|43.9|87.0|9|042
26144|A|0|0|1|0|0|1|2016-03-07 04:47:40|2016-03-07 04:47:20|121.528852|31.330397|16.6|292.0|10|015|A|0|1|1|0|1|2|2016-03-07 04:50:05|2016-03-07 04:49:46|121.524930|31.339813|0.0|356.0|9|000
16685|A|0|0|0|0|0|1|2016-03-07 04:50:21|2016-03-07 04:45:28|121.363448|31.260523|63.0|95.0|11|062|A|0|1|1|0|0|2|2016-03-07 04:50:32|2016-03-07 04:48:37|121.366360|31.269352|0.0|282.0|11|000
16685|A|0|0|0|0|0|1|2016-03-07 04:50:32|2016-03-07 04:48:27|121.366360|31.269352|4.0|282.0|11|000|A|0|1|1|0|0|2|2016-03-07 04:50:32|2016-03-07 04:48:47|121.366360|31.269352|0.0|282.0|11|000
25990|A|0|0|0|0|0|1|2016-03-07 04:29:08|2016-03-07 04:28:48|121.454923|31.312688|11.7|264.0|8|012|A|0|1|1|0|0|2|2016-03-07 04:50:49|2016-03-07 04:50:30|121.467713|31.227780|0.0|340.0|9|000
26107|A|0|0|0|0|0|1|2016-03-07 04:27:34|2016-03-07 04:27:15|121.507775|31.295502|9.6|206.0|9|006|A|0|1|1|0|0|2|2016-03-07 04:51:19|2016-03-07 04:51:00|121.501527|31.152003|29.9|148.0|9|028
20637|A|0|0|0|0|0|1|2016-03-07 04:48:19|2016-03-07 04:48:00|121.473868|31.273712|13.0|202.0|9|012|A|0|1|1|0|1|2|2016-03-07 04:51:21|2016-03-07 04:51:02|121.467965|31.270715|0.0|35.0|9|000
26107|A|0|0|0|0|0|1|2016-03-07 04:51:21|2016-03-07 04:51:02|121.501615|31.151875|33.3|147.0|8|032|A|0|1|1|0|1|2|2016-03-07 04:51:28|2016-03-07 04:51:04|121.501717|31.151737|33.1|149.0|7|031
20619|A|0|0|0|0|0|1|2016-03-07 04:43:34|2016-03-07 04:43:15|121.337660|31.225992|0.0|286.0|7|000|A|0|1|1|0|0|2|2016-03-07 04:51:41|2016-03-07 04:51:22|121.317052|31.197072|0.0|94.0|10|000
26442|A|0|0|0|0|0|1|2016-03-07 04:47:42|2016-03-07 04:47:23|121.534035|31.266703|0.0|221.0|10|006|A|0|1|1|0|0|2|2016-03-07 04:51:52|2016-03-07 04:51:33|121.517608|31.259290|0.0|336.0|10|000
23664|A|0|0|0|0|0|1|2016-03-07 04:42:27|2016-03-07 04:42:08|121.453137|31.254305|7.4|73.0|10|006|A|0|1|1|0|0|2|2016-03-07 04:52:05|2016-03-07 04:51:04|121.478465|31.284358|0.0|353.0|7|000
26237|A|0|0|0|0|0|1|2016-03-07 04:32:40|2016-03-07 04:32:21|121.448047|31.218758|0.0|33.0|9|000|A|0|1|1|0|0|2|2016-03-07 04:52:07|2016-03-07 04:51:48|121.499147|31.258440|0.0|159.0|11|000
23508|A|0|0|0|0|0|1|2016-03-07 04:44:22|2016-03-07 04:44:03|121.481305|31.236968|13.2|357.0|6|012|A|0|1|5|0|0|2|2016-03-07 04:52:17|2016-03-07 04:51:58|121.452910|31.249500|0.0|33.0|5|000
23508|A|0|0|0|0|0|1|2016-03-07 04:52:18|2016-03-07 04:51:59|121.452910|31.249500|0.0|33.0|4|000|A|0|1|5|0|0|2|2016-03-07 04:52:20|2016-03-07 04:52:01|121.452910|31.249500|0.0|33.0|5|000
26431|A|0|0|0|0|0|1|2016-03-07 04:48:12|2016-03-07 04:47:53|121.481162|31.336168|12.1|7.0|10|008|A|0|1|1|0|0|2|2016-03-07 04:52:27|2016-03-07 04:52:08|121.477507|31.347743|0.0|35.0|9|000
20700|A|0|0|0|0|0|1|2016-03-07 04:09:07|2016-03-07 04:08:48|121.432550|31.241682|20.9|44.0|4|014|A|0|1|1|0|0|2|2016-03-07 04:52:32|2016-03-07 04:52:13|121.457713|31.342670|0.0|179.0|4|000
26325|A|0|0|0|0|0|1|2016-03-07 04:37:26|2016-03-07 04:37:07|121.479327|31.263603|16.9|6.0|8|020|A|0|1|1|0|0|2|2016-03-07 04:53:04|2016-03-07 04:52:45|121.542470|31.283295|42.5|55.0|10|042
23830|A|0|0|0|0|0|1|2016-03-07 03:37:19|2016-03-07 03:37:00|121.400850|31.354325|0.0|66.0|9|000|A|0|1|5|0|0|2|2016-03-07 04:54:04|2016-03-07 04:53:45|121.400877|31.354373|0.0|71.0|10|000
26083|A|0|0|0|0|0|1|2016-03-07 04:38:34|2016-03-07 04:38:15|121.514058|31.290623|17.0|243.0|10|016|A|0|1|1|0|0|2|2016-03-07 04:54:09|2016-03-07 04:53:50|121.482338|31.234032|0.0|324.0|8|000
11246|A|0|0|0|0|0|1|2016-03-07 04:54:24|2016-03-07 04:51:12|121.312668|31.138998|69.6|248.0|10|070|A|0|1|5|0|1|2|2016-03-07 04:54:24|2016-03-07 04:51:17|121.311710|31.138663|69.9|247.0|10|069
11246|A|0|0|0|0|0|1|2016-03-07 04:54:24|2016-03-07 04:51:02|121.314493|31.139630|71.9|247.0|10|072|A|0|1|5|0|0|2|2016-03-07 04:54:24|2016-03-07 04:51:27|121.310015|31.138070|60.8|248.0|10|061
26246|A|0|0|0|0|0|1|2016-03-07 04:47:01|2016-03-07 04:46:41|121.355575|31.185717|29.0|46.0|8|029-|A|0|1|0|0|0|2|2016-03-07 04:54:45|2016-03-07 04:54:25|121.335057|31.170970|0.0|146.0|9|000
13123|A|0|0|0|0|0|1|2016-03-07 00:12:57|2016-03-07 00:09:06|121.562742|31.150367|0.0|353.0|5|000|A|0|1|1|0|1|2|2016-03-07 04:55:10|2016-03-07 04:54:51|121.551662|31.207070|45.3|355.0|4|078
26324|A|0|0|0|0|0|1|2016-03-07 04:35:01|2016-03-07 04:34:41|121.438377|31.322980|24.9|86.0|7|023|A|0|1|1|0|0|2|2016-03-07 04:55:33|2016-03-07 04:55:13|121.417153|31.257188|0.0|175.0|9|000
14609|A|0|0|0|0|1|1|2016-03-07 04:55:35|2016-03-07 04:55:02|121.564428|31.250902|7.6|148.0|7|048|A|0|1|2|0|0|2|2016-03-07 04:55:35|2016-03-07 04:54:08|121.564213|31.253413|0.6|195.0|6|004
23401|A|0|0|0|0|0|1|2016-03-07 04:41:36|2016-03-07 04:41:17|121.488087|31.217400|20.1|346.0|8|019|A|0|1|1|0|0|2|2016-03-07 04:55:49|2016-03-07 04:55:30|121.415672|31.251392|0.0|68.0|10|000
23905|A|0|0|0|0|0|1|2016-03-07 04:55:44|2016-03-07 04:55:25|121.514998|31.306312|34.0|1.0|6|026|A|0|1|1|0|0|2|2016-03-07 04:55:51|2016-03-07 04:55:32|121.514977|31.307972|34.9|0.0|6|035
23401|A|0|0|0|0|0|1|2016-03-07 04:55:51|2016-03-07 04:55:31|121.415670|31.251390|0.0|68.0|10|000|A|0|1|1|0|0|2|2016-03-07 04:55:52|2016-03-07 04:55:32|121.415668|31.251387|0.0|68.0|10|000
25710|A|0|0|0|0|0|1|2016-03-07 04:52:52|2016-03-07 04:52:31|121.367528|31.189590|33.2|68.0|9|032|A|0|1|1|0|0|2|2016-03-07 04:55:54|2016-03-07 04:55:35|121.381585|31.194748|25.8|56.0|11|021
16017|A|0|0|1|0|0|1|2016-03-07 04:55:48|2016-03-07 04:55:28|121.438447|31.343675|20.0|65.0|12|024|A|0|1|1|0|0|2|2016-03-07 04:55:56|2016-03-07 04:55:37|121.438835|31.343758|13.0|97.0|12|014
26294|A|0|0|0|0|0|1|2016-03-07 04:17:51|2016-03-07 04:17:32|121.445308|31.213348|31.2|342.0|8|022|A|0|1|1|0|0|2|2016-03-07 04:56:03|2016-03-07 04:55:41|121.803768|31.153040|0.0|35.0|11|000
23506|A|0|0|0|0|0|1|2016-03-07 04:33:43|2016-03-07 04:33:24|121.573928|31.132692|5.8|359.0|4|014|A|0|1|1|0|0|2|2016-03-07 04:56:45|2016-03-07 04:56:26|121.803233|31.154115|0.0|343.0|4|000
25979|A|0|0|0|0|0|1|2016-03-07 04:56:51|2016-03-07 04:47:41|121.402535|31.359545|0.0|250.0|5|000|A|0|1|5|0|0|2|2016-03-07 04:56:52|2016-03-07 04:47:44|121.402535|31.359545|0.0|250.0|4|000
25979|A|0|0|0|0|0|1|2016-03-07 04:56:52|2016-03-07 04:48:13|121.402535|31.359545|0.0|250.0|4|000|A|0|1|5|0|0|2|2016-03-07 04:56:52|2016-03-07 04:48:29|121.402535|31.359545|0.0|250.0|5|000
25979|A|0|0|5|0|0|1|2016-03-07 04:57:01|2016-03-07 04:50:09|121.402547|31.359565|0.0|250.0|6|000|A|0|1|5|0|0|2|2016-03-07 04:57:01|2016-03-07 04:50:19|121.402547|31.359565|0.0|250.0|6|000
23713|A|0|0|0|0|0|1|2016-03-07 04:49:56|2016-03-07 04:49:37|121.465485|31.205320|14.7|147.0|5|012|A|0|1|1|0|0|2|2016-03-07 04:57:08|2016-03-07 04:56:49|121.503327|31.195720|0.0|154.0|6|000
12928|A|0|0|0|0|0|1|2016-03-07 04:51:25|2016-03-07 04:51:06|121.517140|31.273145|19.0|50.0|10|017|A|0|1|1|0|0|2|2016-03-07 04:57:08|2016-03-07 04:56:49|121.526215|31.291013|0.0|145.0|10|000
23750|A|0|0|0|0|0|1|2016-03-07 04:47:17|2016-03-07 04:46:58|121.397103|31.140680|0.0|112.0|8|000|A|0|1|0|1|0|2|2016-03-07 04:57:18|2016-03-07 04:56:52|121.442187|31.190302|0.0|47.0|6|000
23841|A|0|0|0|0|0|1|2016-03-07 04:44:13|2016-03-07 04:43:50|121.425830|31.235882|19.6|26.0|7|017|A|0|1|1|0|0|2|2016-03-07 04:57:24|2016-03-07 04:57:05|121.454657|31.282053|0.0|105.0|6|000
25911|A|0|0|0|0|0|1|2016-03-07 04:33:17|2016-03-07 04:32:58|121.177455|31.286987|24.3|190.0|7|010|A|0|1|5|0|0|2|2016-03-07 04:57:33|2016-03-07 04:57:14|121.322543|31.197460|0.0|54.0|9|000
23792|A|0|0|0|0|0|1|2016-03-07 04:54:25|2016-03-07 04:54:06|121.470530|31.278558|27.4|185.0|7|020|A|0|1|1|0|0|2|2016-03-07 04:57:37|2016-03-07 04:57:18|121.463363|31.271632|0.0|206.0|4|000
23792|A|0|0|0|0|0|1|2016-03-07 04:57:38|2016-03-07 04:57:19|121.463372|31.271638|0.0|212.0|4|004|A|0|1|1|0|0|2|2016-03-07 04:57:40|2016-03-07 04:57:21|121.463382|31.271622|0.0|199.0|4|005
20689|A|0|0|0|0|0|1|2016-03-07 04:51:07|2016-03-07 04:50:48|121.478820|31.261097|25.4|182.0|7|018|A|0|1|1|0|1|2|2016-03-07 04:57:51|2016-03-07 04:57:32|121.475572|31.237335|0.0|302.0|8|000
25910|A|0|0|0|0|0|1|2016-03-07 04:40:09|2016-03-07 04:39:50|121.466963|31.235330|14.7|322.0|8|012|A|0|1|1|0|0|2|2016-03-07 04:58:07|2016-03-07 04:57:48|121.444293|31.308478|0.0|4.0|9|000
14364|A|0|0|0|0|0|1|2016-03-07 04:29:16|2016-03-07 04:25:56|121.626942|31.266348|21.0|250.0|11|020|A|0|1|1|0|0|2|2016-03-07 04:58:35|2016-03-07 04:50:41|121.516572|31.209243|0.0|197.0|9|000
14364|A|0|0|0|0|0|1|2016-03-07 04:58:35|2016-03-07 04:50:36|121.516572|31.209243|1.0|197.0|8|000|A|0|1|1|0|0|2|2016-03-07 04:58:35|2016-03-07 04:50:51|121.516572|31.209243|0.0|197.0|9|000
14364|A|0|0|0|0|0|1|2016-03-07 04:58:35|2016-03-07 04:50:19|121.516105|31.209175|15.0|161.0|7|015|A|0|1|1|0|0|2|2016-03-07 04:58:46|2016-03-07 04:51:01|121.516572|31.209243|0.0|197.0|9|000
26258|A|0|0|1|0|0|1|2016-03-07 04:48:21|2016-03-07 04:48:01|121.410180|31.180267|3.2|355.0|7|005|A|0|1|1|0|0|2|2016-03-07 04:58:56|2016-03-07 04:58:37|121.442387|31.225538|0.0|78.0|6|000
20653|A|0|0|1|0|0|1|2016-03-07 04:50:51|2016-03-07 04:50:32|121.490605|31.278240|17.5|275.0|8|012|A|0|1|1|0|1|2|2016-03-07 04:59:14|2016-03-07 04:58:55|121.466375|31.256077|0.0|236.0|9|000
26352|A|0|0|0|0|0|1|2016-03-07 04:46:21|2016-03-07 04:46:02|121.394982|31.345585|14.4|164.0|7|013|A|0|1|1|0|0|2|2016-03-07 04:59:43|2016-03-07 04:59:24|121.398743|31.309325|30.8|83.0|8|030
23905|A|0|0|0|0|0|1|2016-03-07 04:57:03|2016-03-07 04:56:44|121.514885|31.313030|4.1|61.0|0|000|A|0|1|1|0|0|2|2016-03-07 04:59:46|2016-03-07 04:59:27|121.527380|31.316703|0.0|88.0|8|000
