25913|A|0|0|0|0|1|1|2016-03-06 03:45:56|2016-03-06 03:45:38|121.476282|31.299755|21.9|171.0|8|019|A|0|1|1|0|1|2|2016-03-06 04:00:07|2016-03-06 03:59:49|121.521138|31.262878|0.0|146.0|7|000
16795|A|0|0|5|0|0|1|2016-03-06 04:00:13|2016-03-06 03:59:38|121.437132|31.307382|0.0|0.0|8|000|A|0|1|5|0|0|2|2016-03-06 04:00:14|2016-03-06 03:59:48|121.437132|31.307382|0.0|0.0|8|000
25712|A|0|0|0|0|0|1|2016-03-06 03:52:51|2016-03-06 03:52:33|121.469878|31.221092|10.9|334.0|8|007|A|0|1|1|0|0|2|2016-03-06 04:00:15|2016-03-06 03:59:57|121.481685|31.234552|0.0|325.0|5|000
23391|A|0|0|0|0|0|1|2016-03-06 03:50:47|2016-03-06 03:50:29|121.430587|31.154913|16.8|345.0|7|015|A|0|1|1|0|0|2|2016-03-06 04:00:24|2016-03-06 04:00:06|121.442633|31.164342|37.3|334.0|9|037
23759|A|0|0|0|0|0|1|2016-03-06 03:52:33|2016-03-06 03:52:15|121.444733|31.210398|11.7|210.0|10|009|A|0|1|1|0|0|2|2016-03-06 04:00:26|2016-03-06 04:00:08|121.419798|31.181215|6.8|279.0|7|007
25853|A|0|0|0|0|0|1|2016-03-06 03:43:30|2016-03-06 03:43:12|121.477018|31.229303|20.4|212.0|8|012|A|0|1|0|1|1|2|2016-03-06 04:00:31|2016-03-06 04:00:12|121.427357|31.179865|0.0|266.0|7|000
26371|A|0|0|0|0|0|1|2016-03-06 03:39:48|2016-03-06 03:39:30|121.484428|31.225658|8.2|323.0|7|006|A|0|1|1|0|0|2|2016-03-06 04:00:35|2016-03-06 04:00:16|121.364317|31.157810|0.0|169.0|6|000
26008|A|0|0|0|0|0|1|2016-03-06 03:55:50|2016-03-06 03:55:31|121.470088|31.264867|26.6|132.0|9|023|A|0|1|1|0|0|2|2016-03-06 04:00:42|2016-03-06 04:00:23|121.458157|31.250073|0.0|260.0|8|000
27411|A|0|0|0|0|0|1|2016-03-06 03:43:53|2016-03-06 03:43:35|121.410025|31.214547|17.2|261.0|10|012|A|0|1|0|0|0|2|2016-03-06 04:00:55|2016-03-06 04:00:36|121.358250|31.212932|0.0|281.0|9|000
13472|A|0|0|0|0|0|1|2016-03-06 03:57:27|2016-03-06 03:57:08|121.427860|31.233620|21.1|315.0|7|012|A|0|1|1|0|0|2|2016-03-06 04:01:03|2016-03-06 04:00:45|121.416913|31.241878|0.0|312.0|7|000
13028|A|0|0|0|0|1|1|2016-03-06 04:01:17|2016-03-06 03:56:52|121.456272|31.121863|6.8|350.0|9|006|A|0|1|5|0|0|2|2016-03-06 04:01:17|2016-03-06 03:56:29|121.455930|31.121690|12.7|80.0|8|012
13028|A|0|0|0|0|1|1|2016-03-06 04:01:17|2016-03-06 03:57:02|121.456242|31.121992|4.9|305.0|9|004|A|0|1|5|0|0|2|2016-03-06 04:01:17|2016-03-06 03:56:09|121.455230|31.121598|11.7|79.0|8|011
20587|A|0|0|1|0|0|1|2016-03-06 03:52:13|2016-03-06 03:51:46|121.362253|31.181897|6.9|347.0|9|006|A|0|1|1|0|0|2|2016-03-06 04:01:22|2016-03-06 04:01:03|121.340998|31.178705|13.6|39.0|9|013
25718|A|0|0|0|0|0|1|2016-03-06 03:56:09|2016-03-06 03:55:50|121.334763|31.174240|0.0|58.0|9|000|A|0|1|0|0|0|2|2016-03-06 04:01:24|2016-03-06 04:01:05|121.321895|31.195247|0.0|274.0|7|000
20583|A|0|0|0|0|0|1|2016-03-06 03:59:07|2016-03-06 03:58:46|121.450598|31.254442|31.1|91.0|10|030|A|0|1|1|0|1|2|2016-03-06 04:01:28|2016-03-06 04:01:10|121.459823|31.254050|0.0|93.0|8|000
11094|A|0|0|0|0|1|1|2016-03-06 04:01:28|2016-03-06 03:54:58|121.397440|31.134010|13.5|181.0|7|011|A|0|1|1|0|1|2|2016-03-06 04:01:30|2016-03-06 03:55:24|121.397407|31.133995|0.0|163.0|8|000
25729|A|0|0|0|0|0|1|2016-03-06 03:53:13|2016-03-06 03:52:55|121.462558|31.208940|7.6|340.0|7|006|A|0|1|1|0|0|2|2016-03-06 04:01:30|2016-03-06 04:01:12|121.462293|31.229480|0.0|149.0|6|000
25943|A|0|0|0|0|0|1|2016-03-06 03:34:13|2016-03-06 03:33:55|121.349580|31.229608|0.0|347.0|9|000|A|0|1|1|0|1|2|2016-03-06 04:01:35|2016-03-06 04:01:16|121.248327|31.110312|0.0|17.0|8|000
26238|A|0|0|0|0|0|1|2016-03-06 03:53:20|2016-03-06 03:53:02|121.475147|31.227545|9.8|208.0|6|008|A|0|1|1|0|0|2|2016-03-06 04:01:54|2016-03-06 04:01:36|121.501287|31.243425|0.0|345.0|6|000
23894|A|0|0|0|0|0|1|2016-03-06 03:52:36|2016-03-06 03:52:18|121.417473|31.218958|0.0|53.0|7|000|A|0|1|V|0|0|2|2016-03-06 04:01:54|2016-03-06 04:01:33|121.414747|31.242628|56.9|352.0|0|028
26351|A|0|0|0|0|0|1|2016-03-06 03:58:13|2016-03-06 03:57:54|121.447625|31.218863|0.0|115.0|9|000|A|0|1|1|0|0|2|2016-03-06 04:01:56|2016-03-06 04:01:38|121.449603|31.230350|0.0|298.0|10|000
23346|A|0|0|0|0|0|1|2016-03-06 03:44:20|2016-03-06 03:44:02|121.551298|31.289288|21.8|303.0|9|015|A|0|1|1|0|1|2|2016-03-06 04:01:56|2016-03-06 04:01:38|121.486902|31.384768|0.0|156.0|11|000
26224|A|0|0|0|0|0|1|2016-03-06 03:43:42|2016-03-06 03:43:24|121.486498|31.236905|21.6|324.0|10|021|A|0|1|1|0|1|2|2016-03-06 04:01:58|2016-03-06 04:01:29|121.537813|31.275417|2.7|52.0|10|000
26216|A|0|0|1|0|0|1|2016-03-06 03:42:08|2016-03-06 03:41:49|121.522495|31.162395|12.9|87.0|10|012|A|0|1|1|0|0|2|2016-03-06 04:02:01|2016-03-06 04:01:42|121.435640|31.164913|10.2|43.0|9|010
23746|A|0|0|0|0|0|1|2016-03-06 03:57:54|2016-03-06 03:57:36|121.431305|31.243202|20.9|112.0|9|012|A|0|1|1|0|0|2|2016-03-06 04:02:07|2016-03-06 04:01:48|121.450163|31.243502|0.0|123.0|7|000
15794|A|0|0|1|0|0|1|2016-03-06 04:02:06|2016-03-06 03:55:39|121.423075|31.231327|13.0|202.0|9|007|A|0|1|1|0|0|2|2016-03-06 04:02:07|2016-03-06 03:59:42|121.402175|31.223038|0.0|244.0|9|000
15794|A|0|0|0|0|0|1|2016-03-06 04:02:07|2016-03-06 03:59:22|121.403167|31.223512|50.0|241.0|8|049|A|0|1|1|0|0|2|2016-03-06 04:02:07|2016-03-06 04:00:02|121.402158|31.223025|0.0|244.0|9|000
23835|A|0|0|0|0|0|1|2016-03-06 03:57:29|2016-03-06 03:57:11|121.443697|31.307947|26.0|171.0|4|012|A|0|1|1|0|0|2|2016-03-06 04:02:10|2016-03-06 04:01:51|121.455208|31.290140|0.0|89.0|6|000
26337|A|0|0|0|0|0|1|2016-03-06 03:51:01|2016-03-06 03:50:42|121.471917|31.223730|0.0|261.0|8|000|A|0|1|1|0|0|2|2016-03-06 04:02:11|2016-03-06 04:01:53|121.442113|31.247980|0.0|279.0|8|000
23861|A|0|0|0|0|0|1|2016-03-06 03:37:07|2016-03-06 03:36:49|121.512367|31.302542|0.0|118.0|6|000|A|0|1|1|0|0|2|2016-03-06 04:02:12|2016-03-06 04:01:54|121.525508|31.257355|0.0|137.0|4|000
26135|A|0|0|0|0|0|1|2016-03-06 03:41:11|2016-03-06 03:40:53|121.425608|31.205185|13.7|186.0|10|012|A|0|1|0|1|1|2|2016-03-06 04:02:12|2016-03-06 04:01:54|121.416628|31.135385|0.0|341.0|11|000
26135|A|0|0|1|0|1|1|2016-03-06 04:02:13|2016-03-06 04:01:55|121.416628|31.135385|0.0|341.0|11|000|A|0|1|0|0|1|2|2016-03-06 04:02:16|2016-03-06 04:01:56|121.416628|31.135385|0.0|341.0|11|000
26135|A|0|0|0|0|1|1|2016-03-06 04:02:17|2016-03-06 04:01:59|121.416628|31.135385|0.0|341.0|11|000|A|0|1|1|0|1|2|2016-03-06 04:02:20|2016-03-06 04:02:02|121.416628|31.135385|0.0|341.0|11|000
17393|A|0|0|2|0|1|1|2016-03-06 02:31:19|2016-03-06 02:30:49|121.447472|31.275668|0.0|166.0|10|000|A|0|1|1|0|0|2|2016-03-06 04:02:28|2016-03-06 04:02:00|121.487720|31.341185|0.0|14.0|11|000
23920|A|0|0|0|0|0|1|2016-03-06 03:58:52|2016-03-06 03:58:34|121.426242|31.250608|62.6|221.0|5|060|A|0|1|1|0|0|2|2016-03-06 04:02:35|2016-03-06 04:02:17|121.419463|31.251877|54.6|330.0|7|055
25923|A|0|0|0|0|0|1|2016-03-06 03:23:46|2016-03-06 03:23:28|121.428072|31.252527|20.9|330.0|8|021|A|0|1|0|0|1|2|2016-03-06 04:02:55|2016-03-06 04:02:36|121.403985|31.359065|10.6|238.0|7|012
23308|A|0|0|1|0|0|1|2016-03-06 03:50:54|2016-03-06 03:50:35|121.486173|31.282428|18.9|0.0|8|018|A|0|1|1|0|1|2|2016-03-06 04:03:09|2016-03-06 04:02:51|121.462012|31.258710|0.0|56.0|5|000
23832|A|0|0|0|0|0|1|2016-03-06 03:47:14|2016-03-06 03:46:56|121.420378|31.246770|10.1|237.0|7|006|A|0|1|1|0|0|2|2016-03-06 04:03:13|2016-03-06 04:02:55|121.369097|31.158665|2.8|26.0|9|000
25816|A|0|0|0|0|0|1|2016-03-06 04:03:09|2016-03-06 04:02:41|121.412545|31.353660|44.5|258.0|8|044|A|0|1|1|0|0|2|2016-03-06 04:03:15|2016-03-06 04:02:45|121.412033|31.353562|44.5|256.0|8|044
23693|A|0|0|0|0|0|1|2016-03-06 03:57:19|2016-03-06 03:57:01|121.523627|31.230430|23.2|302.0|8|022|A|0|1|1|0|0|2|2016-03-06 04:03:17|2016-03-06 04:02:58|121.515603|31.236763|11.8|224.0|8|011
23693|A|0|0|0|0|0|1|2016-03-06 04:03:18|2016-03-06 04:03:00|121.515557|31.236722|12.1|221.0|9|011|A|0|1|1|0|0|2|2016-03-06 04:03:21|2016-03-06 04:03:02|121.515515|31.236672|12.6|213.0|10|012
23826|A|0|0|0|0|0|1|2016-03-06 03:39:46|2016-03-06 03:39:28|121.435247|31.231243|14.9|282.0|0|010|A|0|1|1|0|0|2|2016-03-06 04:03:38|2016-03-06 04:03:17|121.592330|31.239357|0.0|123.0|4|000
23914|A|0|0|0|0|0|1|2016-03-06 03:52:28|2016-03-06 03:52:10|121.394892|31.233858|19.4|45.0|6|017|A|0|1|1|0|0|2|2016-03-06 04:03:39|2016-03-06 04:03:21|121.439298|31.219068|0.0|267.0|5|000
23009|A|0|0|1|0|0|1|2016-03-06 03:54:57|2016-03-06 03:54:38|121.521607|31.283740|32.2|246.0|7|024|A|0|1|1|0|0|2|2016-03-06 04:04:07|2016-03-06 04:03:49|121.486065|31.283092|3.1|181.0|6|003
26422|A|0|0|0|0|0|1|2016-03-06 03:51:04|2016-03-06 03:50:46|121.476662|31.225810|13.4|336.0|9|013|A|0|1|0|0|0|2|2016-03-06 04:04:28|2016-03-06 04:04:09|121.518382|31.214905|0.0|189.0|8|000
25989|A|0|0|0|0|0|1|2016-03-06 03:57:31|2016-03-06 03:57:12|121.442053|31.212790|20.2|342.0|7|019|A|0|1|1|0|1|2|2016-03-06 04:04:49|2016-03-06 04:04:31|121.465882|31.207383|0.0|94.0|8|000
23582|A|0|0|0|0|0|1|2016-03-06 03:57:50|2016-03-06 03:57:31|121.505223|31.298750|17.8|331.0|9|017|A|0|1|1|0|0|2|2016-03-06 04:05:01|2016-03-06 04:04:42|121.476562|31.280777|24.8|300.0|10|023
26325|A|0|0|0|0|0|1|2016-03-06 03:48:39|2016-03-06 03:48:20|121.474885|31.227057|0.0|182.0|9|000|A|0|1|1|0|0|2|2016-03-06 04:05:09|2016-03-06 04:04:51|121.545585|31.211097|0.0|115.0|7|000
23515|A|0|0|0|0|0|1|2016-03-06 03:49:19|2016-03-06 03:49:01|121.516888|31.282238|19.9|72.0|9|016|A|0|1|1|0|0|2|2016-03-06 04:05:16|2016-03-06 04:04:58|121.594248|31.270868|0.0|51.0|8|000
25941|A|0|0|0|0|0|1|2016-03-06 03:59:40|2016-03-06 03:59:22|121.381347|31.176893|17.6|165.0|11|018|A|0|1|1|0|1|2|2016-03-06 04:05:37|2016-03-06 04:05:19|121.398262|31.159667|0.0|78.0|10|000
26100|A|0|0|0|0|0|1|2016-03-06 03:51:04|2016-03-06 03:50:46|121.476748|31.225625|10.7|338.0|9|009|A|0|1|1|0|0|2|2016-03-06 04:05:46|2016-03-06 04:05:28|121.540590|31.205537|0.0|333.0|11|000
23102|A|0|0|0|0|0|1|2016-03-06 04:05:51|2016-03-06 04:04:11|121.441132|31.337352|35.0|159.0|7|033|A|0|1|1|0|0|2|2016-03-06 04:05:51|2016-03-06 04:04:02|121.440840|31.338123|36.2|163.0|8|035
23102|A|0|0|0|0|0|1|2016-03-06 04:05:51|2016-03-06 04:04:31|121.442065|31.335653|32.2|153.0|7|032|A|0|1|1|0|0|2|2016-03-06 04:05:51|2016-03-06 04:03:52|121.440600|31.338783|16.5|156.0|8|015
30020|A|0|0|0|0|0|1|2016-03-06 03:52:22|2016-03-06 03:52:04|121.372842|31.219955|2.3|176.0|7|011|A|0|1|1|0|0|2|2016-03-06 04:05:52|2016-03-06 04:05:34|121.342013|31.195997|0.0|195.0|5|000
26056|A|0|0|0|0|0|1|2016-03-06 03:59:13|2016-03-06 03:58:55|121.505050|31.299000|41.6|331.0|6|039|A|0|1|1|0|0|2|2016-03-06 04:05:58|2016-03-06 04:05:39|121.478245|31.284195|21.0|159.0|3|021-
25840|A|0|0|0|0|0|1|2016-03-06 03:42:07|2016-03-06 03:41:49|121.442768|31.227867|20.7|154.0|4|016|A|0|1|1|0|1|2|2016-03-06 04:06:12|2016-03-06 04:05:53|121.508568|31.229140|0.0|306.0|5|000
26335|A|0|0|0|0|0|1|2016-03-06 03:54:09|2016-03-06 03:53:51|121.485657|31.240497|8.7|113.0|5|004|A|0|1|1|0|0|2|2016-03-06 04:06:12|2016-03-06 04:05:54|121.442192|31.233563|0.0|253.0|4|004
23351|A|0|0|0|0|0|1|2016-03-06 03:56:54|2016-03-06 03:56:36|121.462558|31.208958|8.1|16.0|6|004|A|0|1|1|0|1|2|2016-03-06 04:06:41|2016-03-06 04:06:23|121.493720|31.213457|0.0|342.0|4|000
23318|A|0|0|0|0|0|1|2016-03-06 03:56:49|2016-03-06 03:56:31|121.511752|31.191172|22.1|334.0|10|021|A|0|1|1|0|1|2|2016-03-06 04:06:52|2016-03-06 04:06:34|121.521260|31.222550|0.0|347.0|9|000
23642|A|0|0|0|0|0|1|2016-03-06 03:54:35|2016-03-06 03:54:16|121.472470|31.222750|21.4|169.0|8|018|A|0|1|1|0|0|2|2016-03-06 04:06:53|2016-03-06 04:06:35|121.460940|31.196815|2.3|345.0|8|000
23340|A|0|0|0|0|0|1|2016-03-06 03:37:20|2016-03-06 03:37:01|121.474082|31.230428|18.3|328.0|8|018|A|0|1|1|0|1|2|2016-03-06 04:06:57|2016-03-06 04:06:39|121.452880|31.321588|0.0|253.0|9|000
26152|A|0|0|0|0|0|1|2016-03-06 03:41:11|2016-03-06 03:40:53|121.350673|31.148858|23.2|320.0|10|022|A|0|1|1|0|1|2|2016-03-06 04:07:08|2016-03-06 04:06:50|121.377837|31.217068|0.0|273.0|9|000
20597|A|0|0|0|0|0|1|2016-03-06 03:51:31|2016-03-06 03:51:13|121.485218|31.224042|24.7|340.0|7|015|A|0|1|1|0|1|2|2016-03-06 04:07:15|2016-03-06 04:06:57|121.597640|31.254678|0.0|68.0|9|000
23448|A|0|0|1|0|0|1|2016-03-06 03:53:19|2016-03-06 03:52:57|121.439110|31.219163|27.0|347.0|8|022|A|0|1|1|0|0|2|2016-03-06 04:07:31|2016-03-06 04:07:13|121.409642|31.233358|0.0|237.0|7|000
23448|A|0|0|0|0|0|1|2016-03-06 04:07:33|2016-03-06 04:07:14|121.409642|31.233358|0.0|237.0|8|000|A|0|1|1|0|0|2|2016-03-06 04:07:34|2016-03-06 04:07:15|121.409642|31.233358|0.0|237.0|7|000
26209|A|0|0|0|0|0|1|2016-03-06 03:54:55|2016-03-06 03:54:37|121.497478|31.277083|31.6|43.0|8|029|A|0|1|1|0|0|2|2016-03-06 04:07:37|2016-03-06 04:07:19|121.520465|31.330940|0.0|268.0|7|000
25812|A|0|0|0|0|0|1|2016-03-06 04:03:08|2016-03-06 04:02:50|121.431928|31.241347|24.7|211.0|7|026|A|0|1|1|0|1|2|2016-03-06 04:07:40|2016-03-06 04:07:22|121.438658|31.236463|0.0|74.0|7|000
23358|A|0|0|0|0|0|1|2016-03-06 03:53:48|2016-03-06 03:53:30|121.421528|31.206378|14.1|114.0|6|014|A|0|1|1|0|0|2|2016-03-06 04:07:50|2016-03-06 04:07:32|121.452687|31.248600|0.0|2.0|8|000
23358|A|0|0|0|0|0|1|2016-03-06 04:07:52|2016-03-06 04:07:33|121.452685|31.248598|0.0|2.0|8|000|A|0|1|1|0|0|2|2016-03-06 04:07:53|2016-03-06 04:07:35|121.452678|31.248595|0.0|2.0|8|000
23310|A|0|0|0|0|0|1|2016-03-06 03:35:51|2016-03-06 03:35:33|121.457057|31.223203|13.9|74.0|7|010|A|0|1|0|1|1|2|2016-03-06 04:07:59|2016-03-06 04:07:41|121.381793|31.140863|0.0|164.0|6|000
26227|A|0|0|0|0|0|1|2016-03-06 04:04:20|2016-03-06 04:04:02|121.486592|31.236527|17.6|148.0|7|015|A|0|1|1|0|1|2|2016-03-06 04:08:01|2016-03-06 04:07:41|121.479780|31.236393|0.0|244.0|6|000
26102|A|0|0|0|0|0|1|2016-03-06 03:56:50|2016-03-06 03:56:32|121.478060|31.284152|19.4|84.0|9|020|A|0|1|0|0|1|2|2016-03-06 04:08:08|2016-03-06 04:07:49|121.476602|31.320830|0.0|211.0|9|000
25933|A|0|0|0|0|1|1|2016-03-06 03:43:11|2016-03-06 03:42:53|121.438855|31.329117|11.8|302.0|7|011|A|0|1|1|0|1|2|2016-03-06 04:08:13|2016-03-06 04:07:55|121.359870|31.391430|0.0|210.0|9|000
26028|A|0|0|0|0|0|1|2016-03-06 03:57:59|2016-03-06 03:57:41|121.434058|31.233040|30.6|66.0|10|029|A|0|1|1|0|0|2|2016-03-06 04:08:21|2016-03-06 04:08:03|121.425515|31.205232|20.4|235.0|10|018
10982|A|0|0|5|0|0|1|2016-03-06 04:08:24|2016-03-06 04:07:40|121.321780|31.258430|0.0|12.0|7|000|A|0|1|5|0|0|2|2016-03-06 04:08:24|2016-03-06 04:07:20|121.321780|31.258430|0.0|12.0|7|000
26028|A|0|0|0|0|0|1|2016-03-06 04:08:23|2016-03-06 04:08:05|121.425428|31.205233|8.1|269.0|9|005|A|0|1|1|0|0|2|2016-03-06 04:08:26|2016-03-06 04:08:08|121.425407|31.205247|3.1|295.0|8|000
23475|A|0|0|5|0|0|1|2016-03-06 03:46:57|2016-03-06 03:40:04|121.440127|31.315078|31.8|143.0|3|026|A|0|1|0|0|0|2|2016-03-06 04:08:32|2016-03-06 04:01:23|121.321412|31.197230|42.6|91.0|5|042
23915|A|0|0|0|0|0|1|2016-03-06 04:01:35|2016-03-06 04:01:17|121.470715|31.273490|25.7|321.0|6|004|A|0|1|1|0|0|2|2016-03-06 04:08:46|2016-03-06 04:08:28|121.464955|31.300837|0.0|305.0|6|000
20673|A|0|0|0|0|0|1|2016-03-06 03:50:58|2016-03-06 03:50:39|121.476737|31.225628|17.8|343.0|9|017|A|0|1|1|0|1|2|2016-03-06 04:08:49|2016-03-06 04:08:31|121.546532|31.248867|0.0|36.0|8|000
25854|A|0|0|0|0|0|1|2016-03-06 04:06:54|2016-03-06 04:06:35|121.377992|31.122338|9.0|146.0|8|005|A|0|1|1|0|1|2|2016-03-06 04:09:06|2016-03-06 04:08:48|121.379172|31.126012|0.0|283.0|5|000
20632|A|0|0|2|0|0|1|2016-03-06 03:28:14|2016-03-06 03:27:52|121.451073|31.223323|19.9|68.0|9|015|A|0|1|1|0|0|2|2016-03-06 04:09:25|2016-03-06 04:09:07|121.803998|31.152410|0.0|349.0|9|000
23315|A|0|0|0|0|0|1|2016-03-06 03:52:53|2016-03-06 03:52:35|121.505338|31.298442|13.8|151.0|9|014|A|0|1|1|0|1|2|2016-03-06 04:09:27|2016-03-06 04:09:02|121.470977|31.263208|0.0|211.0|8|000
25841|A|0|0|0|0|0|1|2016-03-06 04:09:31|2016-03-06 04:09:13|121.436082|31.318978|29.5|173.0|10|027|A|0|1|5|0|0|2|2016-03-06 04:09:33|2016-03-06 04:09:15|121.436098|31.318825|32.9|174.0|10|031
23677|A|0|0|0|0|0|1|2016-03-06 04:07:54|2016-03-06 04:07:36|121.534840|31.326868|21.6|268.0|6|022|A|0|1|1|0|0|2|2016-03-06 04:09:38|2016-03-06 04:09:20|121.528137|31.330598|34.4|272.0|6|032
26130|A|0|0|0|0|0|1|2016-03-06 04:09:43|2016-03-06 04:09:25|121.463335|31.246308|52.3|261.0|9|051|A|0|1|5|0|1|2|2016-03-06 04:09:46|2016-03-06 04:09:28|121.462892|31.246318|46.1|268.0|10|045
18375|A|0|0|0|0|1|1|2016-03-06 03:38:27|2016-03-06 03:38:08|121.466738|31.246447|13.5|350.0|8|015|A|0|1|1|0|1|2|2016-03-06 04:09:57|2016-03-06 04:09:39|121.446255|31.309937|7.2|94.0|6|007
11734|A|0|0|0|0|1|1|2016-03-06 01:29:04|2016-03-06 01:28:45|121.157223|30.893183|0.0|183.0|7|000|A|0|1|1|0|0|2|2016-03-06 04:10:11|2016-03-06 04:09:19|121.043500|31.188723|0.0|268.0|8|000
11734|A|0|0|0|0|0|1|2016-03-06 04:10:11|2016-03-06 04:08:55|121.043495|31.188720|0.0|268.0|7|000|A|0|1|1|0|0|2|2016-03-06 04:10:11|2016-03-06 04:08:58|121.043495|31.188720|0.0|268.0|8|000
26064|A|0|0|0|0|0|1|2016-03-06 03:49:11|2016-03-06 03:48:53|121.462422|31.209280|12.5|307.0|9|008|A|0|1|1|0|0|2|2016-03-06 04:10:15|2016-03-06 04:09:57|121.548443|31.228332|0.0|86.0|8|000
23914|A|0|0|0|0|0|1|2016-03-06 04:04:25|2016-03-06 04:04:07|121.439415|31.219063|14.3|80.0|6|012|A|0|1|1|0|0|2|2016-03-06 04:10:23|2016-03-06 04:10:05|121.449943|31.222487|0.0|115.0|7|000
20535|A|0|0|0|0|0|1|2016-03-06 03:52:24|2016-03-06 03:52:05|121.425712|31.230483|10.9|238.0|5|008|A|0|1|1|0|1|2|2016-03-06 04:10:25|2016-03-06 04:10:07|121.479628|31.263502|0.0|159.0|8|000
20597|A|0|0|0|0|0|1|2016-03-06 04:10:23|2016-03-06 04:10:05|121.591973|31.258412|27.3|316.0|7|027|A|0|1|1|0|1|2|2016-03-06 04:10:27|2016-03-06 04:10:09|121.591802|31.258608|18.3|318.0|8|023
23347|A|0|0|0|0|0|1|2016-03-06 04:00:32|2016-03-06 04:00:14|121.442547|31.207310|2.9|196.0|7|000|A|0|1|1|0|1|2|2016-03-06 04:10:28|2016-03-06 04:10:10|121.454630|31.194338|0.0|69.0|7|000
26396|A|0|0|0|0|0|1|2016-03-06 04:03:26|2016-03-06 04:03:08|121.484627|31.240948|11.9|67.0|9|010|A|0|1|1|0|0|2|2016-03-06 04:10:41|2016-03-06 04:10:23|121.464418|31.230012|0.0|356.0|6|000
26151|A|0|0|1|0|0|1|2016-03-06 03:52:06|2016-03-06 03:51:47|121.458817|31.255227|18.3|138.0|7|012|A|0|1|1|0|1|2|2016-03-06 04:10:43|2016-03-06 04:10:25|121.516593|31.129227|0.0|154.0|10|000
23633|A|0|0|0|0|0|1|2016-03-06 03:33:54|2016-03-06 03:33:36|121.415778|31.210480|10.3|126.0|9|006|A|0|1|1|0|0|2|2016-03-06 04:10:48|2016-03-06 04:10:29|121.378815|31.173817|0.0|269.0|7|000
25712|A|0|0|0|0|0|1|2016-03-06 04:00:59|2016-03-06 04:00:41|121.480727|31.234978|11.4|317.0|7|000|A|0|1|1|0|0|2|2016-03-06 04:10:51|2016-03-06 04:10:33|121.469028|31.265998|0.0|324.0|8|000
23106|A|0|0|0|0|0|1|2016-03-06 04:09:34|2016-03-06 04:09:16|121.514973|31.320172|25.6|36.0|7|028|A|0|1|1|0|0|2|2016-03-06 04:10:58|2016-03-06 04:10:40|121.519858|31.324195|0.0|87.0|7|000
25731|A|0|0|0|0|0|1|2016-03-06 03:51:32|2016-03-06 03:51:14|121.408377|31.214488|28.3|339.0|10|029|A|0|1|0|0|0|2|2016-03-06 04:11:06|2016-03-06 04:10:47|121.460475|31.267523|0.0|71.0|11|000
25780|A|0|0|1|0|0|1|2016-03-06 03:43:38|2016-03-06 03:43:20|121.383537|31.216472|13.8|96.0|7|013|A|0|1|1|0|1|2|2016-03-06 04:11:10|2016-03-06 04:10:52|121.384450|31.292355|0.0|294.0|6|000
23434|A|0|0|0|0|0|1|2016-03-06 04:04:24|2016-03-06 04:04:06|121.438827|31.238183|10.7|98.0|5|005|A|0|1|1|0|1|2|2016-03-06 04:11:46|2016-03-06 04:11:28|121.431512|31.240762|9.1|219.0|8|012
26224|A|0|0|0|0|0|1|2016-03-06 04:05:39|2016-03-06 04:05:21|121.530670|31.291212|23.7|356.0|9|023|A|0|1|1|0|1|2|2016-03-06 04:11:51|2016-03-06 04:11:33|121.515785|31.300780|0.0|8.0|9|000
25874|A|0|0|0|0|0|1|2016-03-06 03:48:57|2016-03-06 03:48:39|121.469900|31.220930|9.9|350.0|9|009|A|0|1|1|0|1|2|2016-03-06 04:11:52|2016-03-06 04:11:33|121.520292|31.330953|0.0|275.0|9|000
26224|A|0|0|0|0|1|1|2016-03-06 04:11:56|2016-03-06 04:11:38|121.515785|31.300780|0.0|8.0|10|000|A|0|1|1|0|1|2|2016-03-06 04:11:58|2016-03-06 04:11:40|121.515785|31.300780|0.0|8.0|10|000
23458|A|0|0|0|0|0|1|2016-03-06 03:59:28|2016-03-06 03:57:54|121.485263|31.247782|24.9|116.0|7|024|A|0|1|1|0|0|2|2016-03-06 04:12:12|2016-03-06 04:11:54|121.394852|31.184667|0.0|230.0|4|008
23458|A|0|0|0|0|0|1|2016-03-06 04:12:13|2016-03-06 04:11:55|121.394840|31.184653|0.0|230.0|4|008|A|0|1|1|0|0|2|2016-03-06 04:12:15|2016-03-06 04:11:57|121.394808|31.184625|0.0|230.0|4|008
20582|A|0|0|0|0|0|1|2016-03-06 03:42:27|2016-03-06 03:42:09|121.450567|31.217838|0.0|293.0|10|000|A|0|1|1|0|0|2|2016-03-06 04:12:16|2016-03-06 04:11:58|121.383778|31.214347|15.4|274.0|7|012
26144|A|0|0|0|0|0|1|2016-03-06 04:03:27|2016-03-06 04:03:09|121.480643|31.238860|22.1|349.0|7|011|A|0|1|1|0|1|2|2016-03-06 04:12:24|2016-03-06 04:12:06|121.494582|31.262325|0.0|2.0|6|000
17436|A|0|0|0|0|0|1|2016-03-06 04:12:25|2016-03-06 04:01:59|121.322257|31.229152|19.9|159.0|7|013|A|0|1|1|0|1|2|2016-03-06 04:12:25|2016-03-06 04:01:37|121.322145|31.229313|0.0|160.0|6|000
26313|A|0|0|0|0|0|1|2016-03-06 03:44:51|2016-03-06 03:44:33|121.462610|31.209185|11.8|44.0|7|011|A|0|1|1|0|0|2|2016-03-06 04:12:30|2016-03-06 04:12:11|121.524937|31.336810|0.0|155.0|5|000
26024|A|0|0|0|0|0|1|2016-03-06 04:02:20|2016-03-06 04:02:02|121.437372|31.190048|18.7|170.0|7|018|A|0|1|1|0|1|2|2016-03-06 04:12:42|2016-03-06 04:12:24|121.416010|31.188235|0.0|331.0|8|000
23909|A|0|0|0|0|0|1|2016-03-06 04:05:14|2016-03-06 04:04:56|121.594568|31.266158|23.2|61.0|8|020|A|0|1|0|0|0|2|2016-03-06 04:12:53|2016-03-06 04:12:35|121.572383|31.286512|0.0|276.0|8|000
25719|A|0|0|0|0|0|1|2016-03-06 03:59:42|2016-03-06 03:59:24|121.456817|31.222855|25.6|73.0|8|022|A|0|1|0|0|0|2|2016-03-06 04:12:59|2016-03-06 04:12:40|121.502128|31.284245|0.0|35.0|10|000
23441|A|0|0|0|0|0|1|2016-03-06 03:57:30|2016-03-06 03:57:12|121.484585|31.225650|10.2|357.0|7|006|A|0|1|1|0|1|2|2016-03-06 04:13:07|2016-03-06 04:12:45|121.385855|31.173522|0.0|170.0|7|010
26081|A|0|0|2|0|0|1|2016-03-06 03:49:32|2016-03-06 03:49:10|121.586290|31.341682|12.2|329.0|7|011|A|0|1|1|0|0|2|2016-03-06 04:13:08|2016-03-06 04:12:50|121.521732|31.227842|0.0|249.0|7|000
26401|A|0|0|0|0|0|1|2016-03-06 03:59:10|2016-03-06 03:58:52|121.418347|31.188890|12.8|351.0|7|012|A|0|1|1|0|0|2|2016-03-06 04:13:13|2016-03-06 04:12:55|121.421335|31.252672|0.0|102.0|6|000
28367|A|0|0|0|0|1|1|2016-03-06 01:15:11|2016-03-06 01:14:21|121.436387|31.314362|38.0|358.0|9|038-|A|0|1|1|0|1|2|2016-03-06 04:13:18|2016-03-06 04:12:39|121.471490|31.195250|0.0|64.0|9|000
18366|A|0|0|0|0|0|1|2016-03-06 04:12:24|2016-03-06 04:11:03|121.531200|31.214798|50.0|0.0|0|050|A|0|1|1|0|0|2|2016-03-06 04:13:24|2016-03-06 04:12:03|121.531600|31.214498|50.0|0.0|0|050
26169|A|0|0|0|0|0|1|2016-03-06 03:43:06|2016-03-06 03:42:48|121.528338|31.266735|11.7|142.0|9|011|A|0|1|1|0|0|2|2016-03-06 04:13:29|2016-03-06 04:13:11|121.817428|31.116797|15.2|341.0|9|015
23570|A|0|0|0|0|0|1|2016-03-06 04:13:27|2016-03-06 04:13:09|121.474578|31.314017|0.0|156.0|7|000|A|0|1|1|0|0|2|2016-03-06 04:13:29|2016-03-06 04:13:11|121.474578|31.314017|0.0|156.0|6|000
23832|A|0|0|0|0|0|1|2016-03-06 04:09:33|2016-03-06 04:09:14|121.334857|31.151913|0.0|239.0|9|000|A|0|1|1|0|0|2|2016-03-06 04:13:31|2016-03-06 04:13:13|121.311752|31.136768|20.2|150.0|8|023
23553|A|0|0|0|0|0|1|2016-03-06 04:06:19|2016-03-06 04:06:00|121.420180|31.220820|17.5|90.0|8|012|A|0|1|1|0|0|2|2016-03-06 04:13:35|2016-03-06 04:13:10|121.455338|31.236978|4.4|21.0|6|008
20533|A|0|0|1|0|0|1|2016-03-06 04:07:09|2016-03-06 04:06:50|121.474090|31.261793|14.6|107.0|10|015|A|0|1|1|0|1|2|2016-03-06 04:13:38|2016-03-06 04:13:20|121.478787|31.285900|0.0|14.0|10|000
25911|A|0|0|0|0|0|1|2016-03-06 04:07:35|2016-03-06 04:07:17|121.171232|31.296740|29.8|181.0|8|030|A|0|1|5|0|1|2|2016-03-06 04:13:42|2016-03-06 04:13:24|121.164657|31.272735|0.0|149.0|7|000
25924|A|0|0|0|0|0|1|2016-03-06 04:09:49|2016-03-06 04:09:31|121.256385|31.118607|0.0|249.0|6|000|A|0|1|1|0|1|2|2016-03-06 04:13:46|2016-03-06 04:13:28|121.250963|31.102793|0.0|273.0|7|000
25924|A|0|0|0|0|1|1|2016-03-06 04:13:50|2016-03-06 04:13:32|121.250963|31.102793|0.0|273.0|7|000|A|0|1|1|0|1|2|2016-03-06 04:13:52|2016-03-06 04:13:34|121.250963|31.102793|3.5|273.0|7|000
26013|A|0|0|0|0|0|1|2016-03-06 04:11:04|2016-03-06 04:10:46|121.432088|31.241605|28.9|211.0|7|027|A|0|1|1|0|1|2|2016-03-06 04:13:53|2016-03-06 04:13:35|121.425722|31.235707|0.0|139.0|7|000
23759|A|0|0|0|0|0|1|2016-03-06 04:09:24|2016-03-06 04:09:06|121.434757|31.195532|16.0|46.0|9|016|A|0|1|1|0|0|2|2016-03-06 04:14:02|2016-03-06 04:13:44|121.455187|31.199398|0.0|251.0|9|000
26258|A|0|0|0|0|0|1|2016-03-06 03:59:19|2016-03-06 03:59:01|121.424927|31.156318|18.7|52.0|8|017|A|0|1|1|0|1|2|2016-03-06 04:14:02|2016-03-06 04:13:44|121.487755|31.165395|3.3|81.0|9|002
26029|A|0|0|0|0|0|1|2016-03-06 04:11:42|2016-03-06 04:07:13|121.390762|31.208063|23.2|1.0|8|021|A|0|1|1|0|1|2|2016-03-06 04:14:08|2016-03-06 04:13:50|121.399700|31.206385|0.0|167.0|8|000
17436|A|0|0|0|0|0|1|2016-03-06 04:12:30|2016-03-06 04:02:09|121.322443|31.228620|24.3|163.0|7|022|A|0|1|1|0|1|2|2016-03-06 04:14:25|2016-03-06 04:08:39|121.284082|31.221505|0.0|54.0|5|000
26094|A|0|0|1|0|0|1|2016-03-06 04:03:39|2016-03-06 04:03:20|121.466248|31.223628|20.1|68.0|10|018|A|0|1|1|0|0|2|2016-03-06 04:14:27|2016-03-06 04:14:09|121.497253|31.146345|0.0|63.0|9|000
26094|A|0|0|0|0|0|1|2016-03-06 04:14:31|2016-03-06 04:14:13|121.497362|31.146383|18.4|64.0|9|019|A|0|1|1|0|0|2|2016-03-06 04:14:34|2016-03-06 04:14:16|121.497548|31.146462|26.2|64.0|9|027
26030|A|0|0|0|0|0|1|2016-03-06 03:50:35|2016-03-06 03:50:17|121.465992|31.207443|17.4|64.0|6|013|A|0|1|1|0|1|2|2016-03-06 04:14:38|2016-03-06 04:14:20|121.414598|31.205143|0.0|334.0|6|000
26076|A|0|0|1|0|0|1|2016-03-06 04:04:24|2016-03-06 04:04:05|121.446320|31.141482|11.6|118.0|5|011|A|0|1|1|0|0|2|2016-03-06 04:14:40|2016-03-06 04:14:22|121.437033|31.107175|0.0|170.0|6|000
26130|A|0|0|0|0|0|1|2016-03-06 04:10:31|2016-03-06 04:10:05|121.459062|31.246872|37.6|294.0|8|036|A|0|1|0|0|0|2|2016-03-06 04:14:44|2016-03-06 04:14:25|121.466232|31.224408|19.4|161.0|8|018
23779|A|0|0|0|0|0|1|2016-03-06 04:09:05|2016-03-06 04:08:47|121.437040|31.194700|20.9|157.0|8|012|A|0|1|1|0|0|2|2016-03-06 04:14:59|2016-03-06 04:14:41|121.419960|31.171562|0.0|179.0|10|000
23009|A|0|0|0|0|0|1|2016-03-06 04:05:01|2016-03-06 04:04:42|121.486100|31.281750|37.0|181.0|6|037|A|0|1|1|0|0|2|2016-03-06 04:15:08|2016-03-06 04:14:50|121.510008|31.258318|0.0|124.0|7|000
23638|A|0|0|0|0|0|1|2016-03-06 03:53:22|2016-03-06 03:53:04|121.270765|31.133123|22.2|281.0|9|020|A|0|1|1|0|0|2|2016-03-06 04:15:08|2016-03-06 04:14:50|121.287802|31.025852|0.0|146.0|9|000
25870|A|0|0|0|0|0|1|2016-03-06 03:59:30|2016-03-06 03:59:11|121.462588|31.209210|16.2|42.0|10|014|A|0|1|1|0|0|2|2016-03-06 04:15:12|2016-03-06 04:14:54|121.409162|31.188627|0.0|73.0|9|000
25870|A|0|0|0|0|0|1|2016-03-06 04:15:15|2016-03-06 04:14:57|121.409162|31.188627|0.0|73.0|10|000|A|0|1|1|0|0|2|2016-03-06 04:15:17|2016-03-06 04:14:59|121.409162|31.188627|2.6|73.0|10|000
26039|A|0|0|2|0|0|1|2016-03-06 04:08:10|2016-03-06 04:07:48|121.266608|31.078638|27.9|150.0|10|028|A|0|1|1|0|0|2|2016-03-06 04:15:26|2016-03-06 04:15:08|121.280488|31.104757|0.0|80.0|9|000
13079|A|0|0|0|0|0|1|2016-03-06 03:30:02|2016-03-06 03:29:44|121.437462|31.181955|18.3|95.0|5|016|A|0|1|1|0|0|2|2016-03-06 04:15:31|2016-03-06 04:13:23|121.357298|31.219960|24.2|275.0|10|025
25841|A|0|0|0|0|0|1|2016-03-06 04:14:45|2016-03-06 04:14:27|121.433138|31.315397|0.0|170.0|9|000|A|0|1|5|0|0|2|2016-03-06 04:15:32|2016-03-06 04:15:13|121.433107|31.315438|0.0|170.0|9|000
23762|A|0|0|0|0|0|1|2016-03-06 03:46:33|2016-03-06 03:46:15|121.398238|31.213227|27.0|279.0|8|027-|A|0|1|1|0|0|2|2016-03-06 04:15:41|2016-03-06 04:15:23|121.412965|31.293902|0.0|121.0|8|000
25890|A|0|0|0|0|0|1|2016-03-06 04:04:30|2016-03-06 04:04:12|121.505255|31.298693|8.3|45.0|8|006|A|0|1|1|0|0|2|2016-03-06 04:15:42|2016-03-06 04:15:23|121.530437|31.333485|0.0|93.0|9|000
26180|A|0|0|1|0|0|1|2016-03-06 04:10:51|2016-03-06 04:10:32|121.444757|31.300182|23.2|349.0|7|020|A|0|1|1|0|1|2|2016-03-06 04:15:44|2016-03-06 04:15:12|121.451667|31.312612|0.0|65.0|4|000
26008|A|0|0|0|0|0|1|2016-03-06 04:13:13|2016-03-06 04:12:55|121.472822|31.272365|27.5|290.0|8|022|A|0|1|1|0|0|2|2016-03-06 04:15:45|2016-03-06 04:15:27|121.469670|31.265350|0.0|330.0|8|000
10887|A|0|0|0|0|0|1|2016-03-06 04:00:56|2016-03-06 04:00:38|121.529257|31.300988|20.9|228.0|6|014|A|0|1|1|0|1|2|2016-03-06 04:15:50|2016-03-06 04:15:32|121.473533|31.309327|0.0|258.0|7|000
26426|A|0|0|0|0|0|1|2016-03-06 03:59:19|2016-03-06 03:59:01|121.438682|31.238227|17.8|105.0|7|017|A|0|1|1|0|0|2|2016-03-06 04:15:58|2016-03-06 04:15:39|121.390943|31.183188|0.0|264.0|8|000
13440|A|0|0|1|0|0|1|2016-03-06 04:16:04|2016-03-06 04:10:05|121.387700|31.207627|49.7|91.0|7|050|A|0|1|1|0|1|2|2016-03-06 04:16:04|2016-03-06 04:09:35|121.385510|31.207717|0.0|89.0|8|000
25809|A|0|0|1|0|0|1|2016-03-06 04:08:10|2016-03-06 04:07:51|121.379682|31.174562|12.4|62.0|7|011|A|0|1|1|0|1|2|2016-03-06 04:16:16|2016-03-06 04:15:58|121.372508|31.216003|0.0|75.0|7|000
25879|A|1|0|0|0|0|1|2016-03-06 04:08:18|2016-03-06 04:08:00|121.446642|31.229865|16.5|64.0|7|016|A|1|1|1|0|1|2|2016-03-06 04:16:19|2016-03-06 04:16:01|121.441142|31.221908|0.0|169.0|9|000
26285|A|0|0|0|0|0|1|2016-03-06 04:13:25|2016-03-06 04:13:06|121.450198|31.232568|22.1|145.0|8|018|A|0|1|1|0|0|2|2016-03-06 04:16:21|2016-03-06 04:16:01|121.441642|31.231190|0.0|55.0|8|000
25863|A|0|0|0|0|0|1|2016-03-06 04:11:50|2016-03-06 04:11:31|121.350583|31.176512|13.8|333.0|10|012|A|0|1|1|0|1|2|2016-03-06 04:16:25|2016-03-06 04:16:06|121.342857|31.184040|0.0|253.0|10|000
20620|A|0|0|0|0|0|1|2016-03-06 04:02:38|2016-03-06 04:02:20|121.373488|31.117023|11.2|64.0|11|011|A|0|1|1|0|1|2|2016-03-06 04:16:44|2016-03-06 04:16:26|121.441088|31.156527|0.0|271.0|7|000
18135|A|0|0|1|0|0|1|2016-03-06 01:35:17|2016-03-06 01:34:41|121.414278|31.203573|17.8|122.0|7|014|A|0|1|1|0|1|2|2016-03-06 04:16:51|2016-03-06 04:09:22|121.448670|31.157612|4.8|28.0|8|003
26223|A|0|0|1|0|0|1|2016-03-06 04:13:04|2016-03-06 04:12:45|121.474898|31.215267|23.5|48.0|10|022|A|0|1|1|0|1|2|2016-03-06 04:16:53|2016-03-06 04:16:35|121.476862|31.225397|0.0|356.0|9|000
26291|A|0|0|0|0|0|1|2016-03-06 04:04:05|2016-03-06 04:01:21|121.404170|31.205285|2.3|18.0|9|000|A|0|1|1|0|0|2|2016-03-06 04:17:04|2016-03-06 04:16:45|121.355047|31.225973|0.0|265.0|10|000
23718|A|0|0|0|0|0|1|2016-03-06 04:01:03|2016-03-06 04:00:45|121.439583|31.327882|27.7|337.0|8|024|A|0|1|1|0|1|2|2016-03-06 04:17:06|2016-03-06 04:16:48|121.435575|31.325655|0.0|343.0|9|000
23590|A|0|0|0|0|0|1|2016-03-06 02:39:58|2016-03-06 02:39:40|121.420908|31.228043|0.0|52.0|7|000|A|0|1|1|0|0|2|2016-03-06 04:17:10|2016-03-06 04:16:52|121.420940|31.228140|0.0|52.0|9|000
20648|A|0|0|0|0|0|1|2016-03-06 04:17:09|2016-03-06 04:16:51|121.486483|31.313487|0.0|0.0|9|000|A|0|1|5|0|0|2|2016-03-06 04:17:11|2016-03-06 04:16:53|121.486483|31.313487|0.0|0.0|9|000
16407|A|0|0|0|0|0|1|2016-03-06 04:17:13|2016-03-06 04:12:26|121.343587|31.156505|23.1|56.0|6|027|A|0|1|1|0|0|2|2016-03-06 04:17:13|2016-03-06 04:12:29|121.343683|31.156547|5.4|54.0|7|005
16407|A|0|0|0|0|0|1|2016-03-06 04:17:14|2016-03-06 04:13:39|121.343667|31.156565|0.0|59.0|7|000|A|0|1|1|0|0|2|2016-03-06 04:17:14|2016-03-06 04:13:49|121.343890|31.156677|28.7|55.0|7|028
16407|A|0|0|0|0|0|1|2016-03-06 04:17:14|2016-03-06 04:13:52|121.344138|31.156807|35.6|56.0|7|035|A|0|1|1|0|0|2|2016-03-06 04:17:14|2016-03-06 04:13:29|121.343687|31.156550|0.0|59.0|7|000
26225|A|0|0|0|0|0|1|2016-03-06 03:50:23|2016-03-06 03:50:05|121.482277|31.274710|28.3|170.0|9|023|A|0|1|1|0|1|2|2016-03-06 04:17:19|2016-03-06 04:17:01|121.590927|31.191330|0.0|175.0|9|000
23358|A|0|0|0|0|0|1|2016-03-06 04:09:17|2016-03-06 04:08:59|121.452703|31.248735|12.7|159.0|7|010|A|0|1|1|0|0|2|2016-03-06 04:17:26|2016-03-06 04:17:08|121.475273|31.210860|0.0|150.0|7|002
23788|A|0|0|0|0|0|1|2016-03-06 04:12:32|2016-03-06 04:12:14|121.449518|31.335367|21.8|151.0|7|020|A|0|1|1|0|0|2|2016-03-06 04:17:26|2016-03-06 04:17:03|121.438672|31.328672|0.0|119.0|6|000
20586|A|0|0|1|0|0|1|2016-03-06 04:12:50|2016-03-06 04:12:31|121.342962|31.180318|25.9|44.0|9|025|A|0|1|1|0|1|2|2016-03-06 04:17:36|2016-03-06 04:17:18|121.345283|31.194992|0.0|80.0|10|000
26127|A|0|0|0|0|0|1|2016-03-06 03:59:36|2016-03-06 03:59:18|121.361283|31.182680|21.0|71.0|8|019|A|0|1|1|0|0|2|2016-03-06 04:17:36|2016-03-06 04:17:18|121.415093|31.140558|22.5|241.0|10|021
26314|A|0|0|0|0|0|1|2016-03-06 04:17:38|2016-03-06 04:17:19|121.436090|31.376978|0.0|65.0|9|000|A|0|1|0|0|0|2|2016-03-06 04:17:43|2016-03-06 04:17:24|121.436090|31.376978|0.0|65.0|9|000
26314|A|0|0|0|0|0|1|2016-03-06 04:17:44|2016-03-06 04:17:25|121.436090|31.376978|0.0|65.0|9|000|A|0|1|1|0|0|2|2016-03-06 04:17:45|2016-03-06 04:17:26|121.436090|31.376978|0.0|65.0|9|000
25836|A|0|0|0|0|0|1|2016-03-06 03:56:22|2016-03-06 03:56:04|121.442783|31.227500|14.9|151.0|4|000|A|0|1|1|0|1|2|2016-03-06 04:17:58|2016-03-06 04:17:40|121.507638|31.256755|0.0|52.0|7|000
26238|A|0|0|0|0|0|1|2016-03-06 04:07:11|2016-03-06 04:06:53|121.477457|31.232535|15.9|261.0|6|013|A|0|1|1|0|1|2|2016-03-06 04:18:07|2016-03-06 04:17:49|121.400017|31.196908|0.0|195.0|5|000
25942|A|0|0|0|0|0|1|2016-03-06 03:53:48|2016-03-06 03:53:30|121.478198|31.232987|30.3|253.0|8|032|A|0|1|0|0|1|2|2016-03-06 04:18:10|2016-03-06 04:17:52|121.343387|31.213555|0.0|1.0|10|000
23849|A|0|0|0|0|0|1|2016-03-06 04:02:13|2016-03-06 04:01:55|121.494408|31.239948|24.8|64.0|6|026|A|0|1|1|0|0|2|2016-03-06 04:18:20|2016-03-06 04:18:02|121.521465|31.267490|2.5|38.0|6|005
25603|A|0|0|1|0|0|1|2016-03-06 03:58:31|2016-03-06 03:58:13|121.421877|31.211652|12.6|81.0|7|009|A|0|1|1|0|0|2|2016-03-06 04:18:24|2016-03-06 04:18:06|121.406295|31.274885|9.1|350.0|7|000
23678|A|0|0|0|0|0|1|2016-03-06 04:08:36|2016-03-06 04:08:18|121.484282|31.233480|28.7|74.0|5|028|A|0|1|0|0|0|2|2016-03-06 04:18:28|2016-03-06 04:18:10|121.486272|31.281730|0.0|23.0|3|005
23669|A|0|0|1|0|0|1|2016-03-06 04:00:55|2016-03-06 04:00:36|121.473413|31.273548|17.5|17.0|7|013|A|0|1|1|0|1|2|2016-03-06 04:18:49|2016-03-06 04:18:31|121.529800|31.320197|0.0|63.0|7|000
23794|A|0|0|0|0|0|1|2016-03-06 04:18:47|2016-03-06 04:18:29|121.459118|31.241480|76.2|160.0|6|076|A|0|1|1|0|0|2|2016-03-06 04:18:52|2016-03-06 04:18:33|121.459402|31.240802|64.5|160.0|6|065
25807|A|0|0|0|0|0|1|2016-03-06 04:03:50|2016-03-06 04:03:32|121.484588|31.225523|21.3|330.0|10|020|A|0|1|1|0|1|2|2016-03-06 04:18:54|2016-03-06 04:18:36|121.517078|31.265512|0.0|62.0|8|000
26028|A|0|0|0|0|0|1|2016-03-06 04:08:42|2016-03-06 04:08:24|121.425295|31.205288|16.0|281.0|9|014|A|0|1|0|0|0|2|2016-03-06 04:18:58|2016-03-06 04:18:38|121.371715|31.213770|0.0|168.0|8|000
23333|A|0|0|0|0|0|1|2016-03-06 04:09:10|2016-03-06 04:08:52|121.478732|31.257907|27.9|343.0|10|026|A|0|1|1|0|1|2|2016-03-06 04:19:01|2016-03-06 04:18:42|121.527190|31.306692|0.0|73.0|9|000
26129|A|0|0|1|0|0|1|2016-03-06 04:15:08|2016-03-06 04:14:49|121.513650|31.230473|13.7|344.0|9|012|A|0|1|1|0|0|2|2016-03-06 04:19:23|2016-03-06 04:19:05|121.508957|31.242350|0.0|72.0|8|000
26072|A|0|0|1|0|0|1|2016-03-06 04:12:46|2016-03-06 04:12:27|121.450388|31.221175|8.5|344.0|7|004|A|0|1|1|0|0|2|2016-03-06 04:19:27|2016-03-06 04:19:09|121.433987|31.242458|0.0|310.0|6|000
23826|A|0|0|0|0|0|1|2016-03-06 04:08:46|2016-03-06 04:08:28|121.581898|31.248950|9.5|308.0|4|000|A|0|1|1|0|0|2|2016-03-06 04:19:38|2016-03-06 04:19:19|121.578412|31.243913|32.4|247.0|2|024
26097|A|0|0|0|0|0|1|2016-03-06 04:12:55|2016-03-06 04:12:37|121.418448|31.214662|36.6|171.0|8|035|A|0|1|0|0|1|2|2016-03-06 04:19:52|2016-03-06 04:19:33|121.416535|31.195207|0.0|191.0|8|000
26356|A|0|0|0|0|0|1|2016-03-06 04:15:28|2016-03-06 04:15:10|121.465352|31.285770|12.2|131.0|8|010|A|0|1|1|0|0|2|2016-03-06 04:20:06|2016-03-06 04:19:48|121.464798|31.298075|0.0|353.0|7|000
26356|A|0|0|0|0|0|1|2016-03-06 04:20:07|2016-03-06 04:19:49|121.464798|31.298075|0.0|353.0|6|000|A|0|1|1|0|0|2|2016-03-06 04:20:09|2016-03-06 04:19:51|121.464798|31.298075|0.0|353.0|7|000
25734|A|0|0|0|0|0|1|2016-03-06 03:57:43|2016-03-06 03:57:25|121.502963|31.304542|17.1|72.0|8|016|A|0|1|0|1|0|2|2016-03-06 04:20:11|2016-03-06 04:19:52|121.532392|31.202700|8.0|31.0|6|004
22078|A|0|0|1|0|1|1|2016-03-06 04:20:01|2016-03-06 04:13:59|121.485653|31.239370|33.8|176.0|7|034|A|0|1|1|0|1|2|2016-03-06 04:20:11|2016-03-06 04:17:05|121.473785|31.234338|0.0|230.0|7|000
22078|A|0|0|0|0|0|1|2016-03-06 04:20:11|2016-03-06 04:16:39|121.475605|31.235007|46.9|247.0|9|046|A|0|1|1|0|1|2|2016-03-06 04:20:12|2016-03-06 04:17:15|121.473785|31.234338|0.0|230.0|9|000
26035|A|0|0|0|0|1|1|2016-03-06 04:13:20|2016-03-06 04:13:02|121.447985|31.218738|5.9|337.0|5|004|A|0|1|1|0|1|2|2016-03-06 04:20:20|2016-03-06 04:20:02|121.475087|31.227257|3.8|78.0|5|003
23804|A|0|0|0|0|0|1|2016-03-06 04:12:37|2016-03-06 04:12:19|121.644870|30.998260|37.6|253.0|3|195|A|0|1|1|0|0|2|2016-03-06 04:20:31|2016-03-06 04:20:13|121.637880|31.029685|41.5|254.0|5|042
23391|A|0|0|0|0|0|1|2016-03-06 04:20:32|2016-03-06 04:20:14|121.461847|31.211233|45.1|347.0|8|042|A|0|1|1|0|0|2|2016-03-06 04:20:34|2016-03-06 04:20:15|121.461817|31.211338|44.4|347.0|8|042
15652|A|0|0|0|0|0|1|2016-03-06 03:54:28|2016-03-06 03:51:16|121.376612|31.217592|33.0|93.0|9|027|A|0|1|0|0|0|2|2016-03-06 04:20:42|2016-03-06 04:20:18|121.385455|31.193240|0.0|143.0|8|000
15652|A|0|0|0|0|0|1|2016-03-06 04:20:42|2016-03-06 04:20:08|121.385455|31.193240|0.0|143.0|8|000|A|0|1|1|0|0|2|2016-03-06 04:20:42|2016-03-06 04:20:20|121.385455|31.193240|0.0|143.0|8|000
23315|A|0|0|1|0|0|1|2016-03-06 04:13:01|2016-03-06 04:12:41|121.465710|31.261325|12.5|239.0|8|012|A|0|1|1|0|1|2|2016-03-06 04:20:45|2016-03-06 04:20:27|121.469723|31.249928|0.0|154.0|8|000
25729|A|0|0|1|0|0|1|2016-03-06 04:03:49|2016-03-06 04:03:31|121.454437|31.228427|13.8|72.0|7|011|A|0|1|1|0|0|2|2016-03-06 04:20:47|2016-03-06 04:20:26|121.443693|31.307593|17.3|82.0|8|015
25812|A|0|0|0|0|0|1|2016-03-06 04:15:49|2016-03-06 04:15:31|121.438762|31.238178|12.8|96.0|4|007|A|0|1|1|0|1|2|2016-03-06 04:20:49|2016-03-06 04:20:31|121.437787|31.248683|0.0|84.0|4|000
20661|A|0|0|0|0|0|1|2016-03-06 04:00:04|2016-03-06 03:59:43|121.415787|31.256713|23.4|230.0|10|022|A|0|1|1|0|0|2|2016-03-06 04:20:51|2016-03-06 04:20:33|121.497788|31.251883|0.0|77.0|6|000
25913|A|0|0|0|0|0|1|2016-03-06 04:13:11|2016-03-06 04:12:53|121.510573|31.278287|27.8|249.0|7|026|A|0|1|1|0|1|2|2016-03-06 04:20:53|2016-03-06 04:20:35|121.491338|31.274262|0.0|183.0|7|000
23315|A|0|0|0|0|1|1|2016-03-06 04:20:50|2016-03-06 04:20:31|121.469723|31.249928|0.0|154.0|8|000|A|0|1|1|0|0|2|2016-03-06 04:20:58|2016-03-06 04:20:40|121.469792|31.249823|6.7|150.0|8|006
26028|A|0|0|0|0|0|1|2016-03-06 04:21:04|2016-03-06 04:20:46|121.378992|31.209280|0.0|97.0|10|000|A|0|1|1|0|0|2|2016-03-06 04:21:07|2016-03-06 04:20:49|121.378992|31.209280|0.0|97.0|9|000
23861|A|0|0|0|0|0|1|2016-03-06 04:11:47|2016-03-06 04:11:29|121.509793|31.286452|12.1|243.0|6|011|A|0|1|1|0|0|2|2016-03-06 04:21:17|2016-03-06 04:20:59|121.482853|31.284110|0.0|202.0|5|000
23812|A|0|0|0|0|0|1|2016-03-06 04:03:51|2016-03-06 04:03:33|121.516765|31.294365|6.3|325.0|9|005|A|0|1|5|0|1|2|2016-03-06 04:21:17|2016-03-06 04:20:54|121.421138|31.282620|0.0|275.0|10|000
23660|A|0|0|1|0|0|1|2016-03-06 04:17:17|2016-03-06 04:16:58|121.472057|31.286260|15.9|6.0|9|013|A|0|1|1|0|0|2|2016-03-06 04:21:26|2016-03-06 04:21:08|121.461612|31.288032|0.0|26.0|9|000
26266|A|0|0|0|0|0|1|2016-03-06 04:14:24|2016-03-06 04:14:06|121.459557|31.240110|31.3|154.0|6|030|A|0|1|1|0|0|2|2016-03-06 04:21:34|2016-03-06 04:21:16|121.470593|31.209640|0.0|351.0|6|000
23391|A|0|0|0|0|0|1|2016-03-06 04:21:42|2016-03-06 04:21:23|121.460338|31.216452|0.0|337.0|8|000|A|0|1|1|0|0|2|2016-03-06 04:21:43|2016-03-06 04:21:24|121.460338|31.216452|0.0|337.0|6|000
23391|A|0|0|0|0|0|1|2016-03-06 04:21:44|2016-03-06 04:21:25|121.460338|31.216452|0.0|337.0|8|000|A|0|1|1|0|0|2|2016-03-06 04:21:45|2016-03-06 04:21:27|121.460338|31.216452|0.0|337.0|7|000
20663|A|0|0|1|0|0|1|2016-03-06 03:49:59|2016-03-06 03:49:41|121.360923|31.182540|17.2|67.0|8|016|A|0|1|1|0|0|2|2016-03-06 04:21:49|2016-03-06 04:21:31|121.503242|31.273443|0.0|45.0|8|000
23463|A|0|0|0|0|0|1|2016-03-06 03:52:09|2016-03-06 03:51:51|121.447655|31.218988|8.6|341.0|9|010|A|0|1|1|0|0|2|2016-03-06 04:22:01|2016-03-06 04:21:42|121.494562|31.381243|0.0|218.0|10|000
18030|A|0|0|0|0|1|1|2016-03-06 04:22:05|2016-03-06 04:12:15|121.437847|31.372667|0.0|50.0|8|000|A|0|1|1|0|1|2|2016-03-06 04:22:05|2016-03-06 04:12:34|121.437847|31.372667|0.0|50.0|8|000
27411|A|0|0|0|0|0|1|2016-03-06 04:12:11|2016-03-06 04:11:53|121.403455|31.206852|29.5|106.0|9|022|A|0|1|1|0|0|2|2016-03-06 04:22:06|2016-03-06 04:21:48|121.409517|31.238427|0.0|21.0|9|000
18030|A|0|0|0|0|0|1|2016-03-06 04:22:07|2016-03-06 04:19:10|121.428327|31.363327|24.8|164.0|9|024|A|0|1|1|0|0|2|2016-03-06 04:22:07|2016-03-06 04:19:20|121.428547|31.362405|40.3|169.0|9|040
18030|A|0|0|0|0|0|1|2016-03-06 04:22:07|2016-03-06 04:19:33|121.428790|31.361275|37.4|169.0|9|036|A|0|1|1|0|0|2|2016-03-06 04:22:07|2016-03-06 04:19:30|121.428733|31.361540|33.6|168.0|9|033
25719|A|0|0|0|0|0|1|2016-03-06 04:19:59|2016-03-06 04:19:41|121.500875|31.303768|23.8|232.0|8|022|A|0|1|1|0|0|2|2016-03-06 04:22:09|2016-03-06 04:21:51|121.489400|31.302183|0.0|206.0|8|000
25723|A|0|0|0|0|0|1|2016-03-06 03:57:14|2016-03-06 03:56:56|121.466803|31.246945|0.0|260.0|9|000|A|0|1|5|0|0|2|2016-03-06 04:22:11|2016-03-06 04:21:53|121.342763|31.258988|0.0|188.0|10|000
23102|A|0|0|0|0|0|1|2016-03-06 04:05:51|2016-03-06 04:04:48|121.440827|31.334745|48.5|242.0|8|047|A|0|1|1|0|0|2|2016-03-06 04:22:16|2016-03-06 04:21:55|121.486245|31.245887|0.0|100.0|8|000
26013|A|0|0|0|0|0|1|2016-03-06 04:16:44|2016-03-06 04:16:26|121.431800|31.236578|22.3|61.0|8|021|A|0|1|1|0|1|2|2016-03-06 04:22:21|2016-03-06 04:22:03|121.447480|31.239062|0.0|332.0|7|000
26389|A|0|0|0|0|0|1|2016-03-06 04:03:37|2016-03-06 04:03:19|121.478507|31.178883|76.9|279.0|3|074|A|0|1|1|0|0|2|2016-03-06 04:22:27|2016-03-06 04:22:09|121.551675|31.229478|0.0|335.0|5|000
20587|A|0|0|0|0|0|1|2016-03-06 04:08:58|2016-03-06 04:06:27|121.350963|31.175787|18.7|324.0|9|018|A|0|1|0|0|1|2|2016-03-06 04:22:27|2016-03-06 04:21:57|121.413317|31.200077|0.0|147.0|7|000
17066|A|0|0|0|0|0|1|2016-03-06 01:08:01|2016-03-06 01:07:43|121.507558|31.278143|17.5|147.0|9|016|A|0|1|1|0|0|2|2016-03-06 04:22:29|2016-03-06 04:22:01|121.556815|31.142258|4.8|230.0|11|003
23308|A|0|0|0|0|0|1|2016-03-06 04:12:03|2016-03-06 04:11:45|121.459208|31.273257|22.3|235.0|7|022|A|0|1|1|0|1|2|2016-03-06 04:22:33|2016-03-06 04:22:15|121.411832|31.287402|1.9|189.0|7|000
25893|A|0|0|0|0|0|1|2016-03-06 03:56:41|2016-03-06 03:56:22|121.438217|31.241168|18.9|148.0|9|018|A|0|1|1|0|0|2|2016-03-06 04:22:33|2016-03-06 04:22:15|121.530218|31.173725|0.0|69.0|9|000
26094|A|0|0|0|0|0|1|2016-03-06 04:18:44|2016-03-06 04:18:26|121.492835|31.153135|26.2|354.0|10|027|A|0|1|1|0|0|2|2016-03-06 04:22:35|2016-03-06 04:22:17|121.491887|31.173253|0.0|24.0|10|000
20587|A|0|0|0|0|1|1|2016-03-06 04:22:27|2016-03-06 04:21:47|121.413322|31.200093|15.8|190.0|8|013|A|0|1|1|0|1|2|2016-03-06 04:22:36|2016-03-06 04:21:58|121.413317|31.200077|0.0|147.0|7|000
25997|A|0|0|0|0|0|1|2016-03-06 03:47:08|2016-03-06 03:46:50|121.464180|31.207090|19.9|67.0|6|018|A|0|1|1|0|1|2|2016-03-06 04:22:49|2016-03-06 04:22:31|121.394975|31.345725|11.0|344.0|8|010
26100|A|0|0|0|0|0|1|2016-03-06 04:16:03|2016-03-06 04:15:45|121.493318|31.214157|26.1|325.0|8|025|A|0|1|1|0|0|2|2016-03-06 04:22:53|2016-03-06 04:22:35|121.470313|31.229295|0.0|276.0|9|000
25863|A|0|0|1|0|0|1|2016-03-06 04:20:11|2016-03-06 04:19:52|121.343882|31.190848|15.9|354.0|10|014|A|0|1|1|0|1|2|2016-03-06 04:22:56|2016-03-06 04:22:37|121.342055|31.196055|0.0|191.0|6|000
23475|A|0|0|0|0|0|1|2016-03-06 04:17:59|2016-03-06 04:17:41|121.386693|31.212887|47.2|11.0|4|032|A|0|1|5|0|0|2|2016-03-06 04:22:59|2016-03-06 04:22:41|121.402373|31.217433|0.0|83.0|5|000
23755|A|0|0|0|0|0|1|2016-03-06 03:42:22|2016-03-06 03:42:04|121.436773|31.244878|6.6|66.0|8|006|A|0|1|1|0|0|2|2016-03-06 04:23:01|2016-03-06 04:22:41|121.363883|31.136663|7.9|59.0|8|007
26401|A|0|0|0|0|0|1|2016-03-06 04:19:48|2016-03-06 04:19:30|121.428607|31.251463|26.4|132.0|5|024|A|0|1|1|0|0|2|2016-03-06 04:23:05|2016-03-06 04:22:47|121.432212|31.241898|0.0|229.0|4|000
13707|A|0|0|0|0|0|1|2016-03-06 04:23:14|2016-03-06 04:21:41|121.423637|31.117235|0.0|266.0|8|000|A|0|1|1|0|0|2|2016-03-06 04:23:14|2016-03-06 04:22:44|121.423633|31.117235|0.0|266.0|7|000
14958|A|0|0|1|0|0|1|2016-03-06 04:14:23|2016-03-06 04:13:04|121.381715|31.208440|20.9|105.0|9|017|A|0|1|1|0|0|2|2016-03-06 04:23:14|2016-03-06 04:19:36|121.391292|31.218562|8.6|181.0|8|005
25723|A|0|0|0|0|0|1|2016-03-06 04:23:40|2016-03-06 04:23:22|121.343483|31.260238|30.4|104.0|9|029|A|0|1|5|0|0|2|2016-03-06 04:23:43|2016-03-06 04:23:24|121.343665|31.260177|36.6|111.0|9|036
23533|A|0|0|0|0|0|1|2016-03-06 03:54:04|2016-03-06 03:53:42|121.476030|31.229700|28.1|151.0|8|027|A|0|1|1|0|0|2|2016-03-06 04:23:44|2016-03-06 04:23:26|121.498508|31.264885|0.0|4.0|9|000
23424|A|0|0|0|0|0|1|2016-03-06 04:08:42|2016-03-06 04:08:24|121.443103|31.222955|7.8|43.0|6|008|A|0|1|1|0|0|2|2016-03-06 04:23:49|2016-03-06 04:23:31|121.427372|31.217715|0.0|316.0|5|000
14551|A|0|0|0|0|0|1|2016-03-06 04:05:32|2016-03-06 04:05:14|121.474285|31.231048|54.0|0.0|6|049|A|0|1|5|0|0|2|2016-03-06 04:23:54|2016-03-06 04:23:35|121.486182|31.318885|0.0|0.0|7|000
20583|A|0|0|0|0|0|1|2016-03-06 04:13:06|2016-03-06 04:12:48|121.457317|31.219985|24.2|243.0|9|014|A|0|1|1|0|0|2|2016-03-06 04:24:10|2016-03-06 04:23:52|121.500505|31.262302|2.3|299.0|11|000
23346|A|0|0|0|0|0|1|2016-03-06 04:16:54|2016-03-06 04:16:36|121.480610|31.321113|19.1|180.0|10|019|A|0|1|1|0|1|2|2016-03-06 04:24:14|2016-03-06 04:23:56|121.479967|31.287615|13.7|105.0|7|013
20165|A|0|0|0|0|0|1|2016-03-06 04:23:21|2016-03-06 04:06:40|121.420600|31.350615|0.0|83.0|9|000|A|0|1|1|0|0|2|2016-03-06 04:24:14|2016-03-06 04:21:44|121.420628|31.350637|0.0|83.0|8|000
26397|A|0|0|0|0|0|1|2016-03-06 04:08:21|2016-03-06 04:08:03|121.377637|31.246998|19.6|24.0|7|020|A|0|1|1|0|0|2|2016-03-06 04:24:35|2016-03-06 04:24:16|121.392587|31.124968|0.0|188.0|5|000
20555|A|0|0|0|0|1|1|2016-03-06 04:24:38|2016-03-06 04:19:36|121.605882|31.284195|3.5|5.0|9|004|A|0|1|1|0|1|2|2016-03-06 04:24:38|2016-03-06 04:19:59|121.605895|31.284227|0.0|6.0|8|000
20555|A|0|0|0|0|1|1|2016-03-06 04:24:38|2016-03-06 04:19:46|121.605890|31.284220|0.0|6.0|9|000|A|0|1|1|0|1|2|2016-03-06 04:24:38|2016-03-06 04:19:49|121.605892|31.284222|0.0|6.0|9|000
26351|A|0|0|0|0|0|1|2016-03-06 04:12:57|2016-03-06 04:12:39|121.447415|31.209272|10.2|2.0|9|005|A|0|1|1|0|0|2|2016-03-06 04:24:43|2016-03-06 04:24:25|121.415932|31.242623|0.0|316.0|10|000
25746|A|0|0|0|0|0|1|2016-03-06 04:05:57|2016-03-06 04:05:39|121.478272|31.258702|11.6|41.0|7|006|A|0|1|1|0|0|2|2016-03-06 04:24:50|2016-03-06 04:24:32|121.452275|31.319882|3.0|157.0|6|000
23623|A|0|0|0|0|0|1|2016-03-06 03:52:09|2016-03-06 03:51:51|121.526345|31.311862|22.4|270.0|8|000|A|0|1|0|0|0|2|2016-03-06 04:24:55|2016-03-06 04:24:32|121.799688|31.152472|0.0|110.0|6|000
23318|A|0|0|1|0|0|1|2016-03-06 04:12:44|2016-03-06 04:12:25|121.511332|31.230598|13.7|154.0|9|012|A|0|1|1|0|1|2|2016-03-06 04:25:15|2016-03-06 04:24:57|121.550053|31.256215|0.0|222.0|6|000
25754|A|0|0|1|0|0|1|2016-03-06 04:21:06|2016-03-06 04:20:48|121.480943|31.323477|60.9|359.0|8|061|A|0|1|0|0|0|2|2016-03-06 04:25:26|2016-03-06 04:25:08|121.474027|31.334792|3.1|253.0|9|000
23722|A|0|0|1|0|0|1|2016-03-06 04:02:42|2016-03-06 04:02:23|121.513058|31.304257|14.5|343.0|9|013|A|0|1|1|0|1|2|2016-03-06 04:25:39|2016-03-06 04:25:20|121.482490|31.340962|0.0|69.0|9|000
26153|A|0|0|0|0|0|1|2016-03-06 04:09:04|2016-03-06 04:08:45|121.474190|31.227290|28.7|340.0|8|019|A|0|1|1|0|0|2|2016-03-06 04:25:45|2016-03-06 04:25:27|121.428048|31.245237|0.0|236.0|8|000
16974|A|0|0|0|0|0|1|2016-03-06 04:25:50|2016-03-06 04:19:12|121.799365|31.152735|71.8|161.0|6|070|A|0|1|5|0|0|2|2016-03-06 04:25:50|2016-03-06 04:20:03|121.799818|31.151590|0.0|151.0|8|000
26258|A|0|0|1|0|0|1|2016-03-06 04:20:05|2016-03-06 04:19:46|121.488170|31.176617|0.0|108.0|8|000|A|0|1|1|0|1|2|2016-03-06 04:25:51|2016-03-06 04:25:33|121.467517|31.197677|0.0|48.0|8|000
23569|A|0|0|0|0|0|1|2016-03-06 04:07:41|2016-03-06 04:07:23|121.483932|31.298457|5.5|157.0|8|017|A|0|1|1|0|0|2|2016-03-06 04:26:01|2016-03-06 04:25:43|121.376880|31.318928|0.0|192.0|9|000
26363|A|0|0|0|0|0|1|2016-03-06 04:24:46|2016-03-06 04:24:28|121.478890|31.297538|46.3|61.0|6|048|A|0|1|1|0|0|2|2016-03-06 04:26:12|2016-03-06 04:25:54|121.481665|31.293907|11.8|118.0|3|007
26237|A|0|0|0|0|0|1|2016-03-06 04:17:17|2016-03-06 04:16:59|121.383887|31.179460|12.9|70.0|8|012|A|0|1|1|0|1|2|2016-03-06 04:26:18|2016-03-06 04:26:00|121.416083|31.126173|0.0|78.0|8|000
13856|A|0|0|2|0|0|1|2016-03-06 04:26:30|2016-03-06 04:26:09|121.392493|31.249492|32.0|183.0|9|032|A|0|1|2|0|0|2|2016-03-06 04:26:37|2016-03-06 04:26:19|121.392430|31.248622|37.6|184.0|9|037
26058|A|0|0|0|0|0|1|2016-03-06 01:25:19|2016-03-06 01:25:01|121.408193|31.356633|0.0|249.0|9|000|A|0|1|5|0|0|2|2016-03-06 04:26:39|2016-03-06 04:26:21|121.406972|31.356107|33.3|65.0|11|033
23446|A|0|0|2|0|0|1|2016-03-06 03:45:21|2016-03-06 03:44:54|121.534978|31.261792|0.0|246.0|8|000|A|0|1|0|1|0|2|2016-03-06 04:26:44|2016-03-06 04:26:18|121.803930|31.152920|0.0|0.0|9|000
26297|A|0|0|0|0|0|1|2016-03-06 04:26:52|2016-03-06 04:26:33|121.477197|31.338162|0.0|30.0|8|000|A|0|1|1|0|0|2|2016-03-06 04:26:54|2016-03-06 04:26:36|121.477197|31.338162|0.0|30.0|9|000
23693|A|0|0|1|0|0|1|2016-03-06 04:11:30|2016-03-06 04:11:12|121.523747|31.230405|17.9|294.0|7|017|A|0|1|1|0|0|2|2016-03-06 04:27:26|2016-03-06 04:27:08|121.493752|31.291088|0.0|180.0|8|000
23533|A|0|0|0|0|0|1|2016-03-06 04:27:23|2016-03-06 04:27:05|121.496207|31.260902|0.0|317.0|6|001|A|0|1|1|0|0|2|2016-03-06 04:27:27|2016-03-06 04:27:09|121.496215|31.260883|0.0|317.0|5|001
23589|A|0|0|0|0|0|1|2016-03-06 04:13:15|2016-03-06 04:12:57|121.415843|31.278467|16.9|11.0|10|013|A|0|1|1|0|1|2|2016-03-06 04:27:43|2016-03-06 04:27:25|121.442868|31.330222|12.5|66.0|10|014
27147|A|0|0|0|0|0|1|2016-03-06 04:27:44|2016-03-06 04:27:23|121.430533|31.351802|0.0|6.0|9|000|A|0|1|5|0|0|2|2016-03-06 04:27:53|2016-03-06 04:27:35|121.430533|31.351802|0.0|6.0|9|000
25729|A|0|0|0|0|0|1|2016-03-06 04:25:14|2016-03-06 04:24:56|121.452533|31.315320|16.0|89.0|8|015|A|0|1|0|0|0|2|2016-03-06 04:27:54|2016-03-06 04:27:36|121.453657|31.324890|0.0|6.0|8|000
15291|A|0|0|0|0|0|1|2016-03-06 04:27:55|2016-03-06 04:07:59|121.562013|31.151075|0.0|270.0|7|000|A|0|1|5|0|0|2|2016-03-06 04:28:01|2016-03-06 04:19:01|121.562028|31.151095|0.0|270.0|10|000
15291|A|0|0|0|0|0|1|2016-03-06 04:28:01|2016-03-06 04:18:39|121.562023|31.151097|0.0|270.0|10|000|A|0|1|5|0|0|2|2016-03-06 04:28:01|2016-03-06 04:19:11|121.562030|31.151095|0.0|270.0|9|000
15291|A|0|0|0|0|0|1|2016-03-06 04:28:01|2016-03-06 04:18:19|121.562022|31.151097|0.0|270.0|7|000|A|0|1|5|0|0|2|2016-03-06 04:28:01|2016-03-06 04:21:41|121.562048|31.151102|0.0|270.0|8|000
23571|A|0|0|0|0|0|1|2016-03-06 04:28:03|2016-03-06 04:27:45|121.525028|31.337810|18.4|7.0|10|018|A|0|1|0|0|0|2|2016-03-06 04:28:07|2016-03-06 04:27:48|121.525035|31.337948|18.1|359.0|10|018
23403|A|0|0|0|0|0|1|2016-03-06 04:13:39|2016-03-06 04:13:21|121.416452|31.214628|19.9|76.0|9|020|A|0|1|1|0|1|2|2016-03-06 04:28:14|2016-03-06 04:27:56|121.321385|31.195193|0.0|263.0|10|000
23638|A|0|0|0|0|0|1|2016-03-06 04:24:19|2016-03-06 04:24:01|121.305710|31.016360|24.1|280.0|9|021|A|0|1|1|0|0|2|2016-03-06 04:28:15|2016-03-06 04:27:57|121.290000|31.026353|27.4|75.0|10|025
25874|A|0|0|1|0|0|1|2016-03-06 04:19:05|2016-03-06 04:18:46|121.527608|31.318387|17.5|177.0|10|019|A|0|1|1|0|1|2|2016-03-06 04:28:17|2016-03-06 04:27:59|121.525065|31.276055|0.0|147.0|8|000
23638|A|0|0|0|0|0|1|2016-03-06 04:28:18|2016-03-06 04:28:00|121.290255|31.026410|34.3|75.0|10|032|A|0|1|1|0|0|2|2016-03-06 04:28:20|2016-03-06 04:28:02|121.290455|31.026455|39.1|75.0|10|037
25868|A|0|0|0|0|0|1|2016-03-06 04:22:44|2016-03-06 04:22:26|121.471770|31.288517|9.8|261.0|4|003|A|0|1|1|0|1|2|2016-03-06 04:28:25|2016-03-06 04:28:07|121.457240|31.283162|0.0|158.0|9|000
20597|A|0|0|0|0|0|1|2016-03-06 04:22:04|2016-03-06 04:21:46|121.539245|31.245870|26.5|150.0|9|021|A|0|1|1|0|0|2|2016-03-06 04:28:33|2016-03-06 04:28:15|121.497202|31.238220|0.0|107.0|4|000
17356|A|0|0|0|0|1|1|2016-03-06 02:52:54|2016-03-06 02:50:29|121.436677|31.307508|6.4|226.0|9|005|A|0|1|0|0|1|2|2016-03-06 04:28:37|2016-03-06 04:27:57|121.443587|31.312445|0.0|161.0|7|000
25802|A|0|0|0|0|0|1|2016-03-06 04:08:37|2016-03-06 04:08:19|121.513317|31.304065|11.9|322.0|9|011|A|0|1|1|0|0|2|2016-03-06 04:28:39|2016-03-06 04:28:21|121.572220|31.249545|0.0|86.0|9|000
23404|A|0|0|0|0|0|1|2016-03-06 04:26:06|2016-03-06 04:25:48|121.418903|31.207145|24.2|188.0|9|021|A|0|1|1|0|1|2|2016-03-06 04:28:39|2016-03-06 04:28:21|121.419082|31.211325|0.0|21.0|8|000
26131|A|0|0|0|0|0|1|2016-03-06 04:24:38|2016-03-06 04:24:19|121.449765|31.220682|0.0|232.0|7|000|A|0|1|1|0|1|2|2016-03-06 04:28:56|2016-03-06 04:28:38|121.466012|31.224025|5.4|159.0|7|005
23009|A|0|0|0|0|0|1|2016-03-06 04:22:22|2016-03-06 04:22:04|121.530508|31.264030|21.5|53.0|7|019|A|0|1|1|0|0|2|2016-03-06 04:28:58|2016-03-06 04:28:39|121.519110|31.276190|0.0|170.0|4|000
20545|A|0|0|0|0|0|1|2016-03-06 01:26:56|2016-03-06 01:26:38|121.365568|31.350083|0.0|321.0|7|000|A|0|1|5|0|0|2|2016-03-06 04:29:23|2016-03-06 04:29:05|121.362137|31.348820|0.0|331.0|7|000
25924|A|0|0|0|0|0|1|2016-03-06 04:24:11|2016-03-06 04:23:52|121.261453|31.110200|13.4|101.0|6|009|A|0|1|1|0|0|2|2016-03-06 04:29:31|2016-03-06 04:29:13|121.282317|31.110435|0.0|144.0|6|000
20063|A|0|0|1|0|0|1|2016-03-06 00:18:06|2016-03-06 00:15:59|121.450253|31.243402|12.0|102.0|9|011|A|0|1|1|0|0|2|2016-03-06 04:29:44|2016-03-06 04:29:15|121.537258|31.269487|0.0|45.0|9|000
26371|A|0|0|0|0|0|1|2016-03-06 04:24:11|2016-03-06 04:23:53|121.442740|31.222873|0.0|86.0|5|000|A|0|1|1|0|0|2|2016-03-06 04:29:51|2016-03-06 04:29:33|121.433532|31.226092|18.9|83.0|7|014
25853|A|0|0|0|0|0|1|2016-03-06 04:17:24|2016-03-06 04:17:06|121.447117|31.210468|20.7|4.0|7|021|A|0|1|0|1|1|2|2016-03-06 04:30:01|2016-03-06 04:29:41|121.478908|31.284283|0.0|264.0|7|000
23570|A|0|0|0|0|0|1|2016-03-06 04:30:01|2016-03-06 04:29:42|121.486385|31.332832|0.0|33.0|6|000|A|0|1|1|0|0|2|2016-03-06 04:30:04|2016-03-06 04:29:46|121.486385|31.332832|0.0|33.0|7|000
23633|A|0|0|0|0|0|1|2016-03-06 04:25:19|2016-03-06 04:25:01|121.426427|31.214763|11.7|43.0|5|010|A|0|1|1|0|0|2|2016-03-06 04:30:11|2016-03-06 04:29:53|121.413365|31.206338|0.0|165.0|9|000
25835|A|0|0|0|0|0|1|2016-03-06 03:53:55|2016-03-06 03:53:37|121.469995|31.285837|16.6|61.0|9|015|A|0|1|1|0|1|2|2016-03-06 04:30:16|2016-03-06 04:29:58|121.417062|31.097310|0.0|349.0|9|000
26426|A|0|0|0|0|0|1|2016-03-06 04:24:37|2016-03-06 04:24:19|121.382698|31.207765|28.9|357.0|10|024|A|0|1|1|0|0|2|2016-03-06 04:30:19|2016-03-06 04:29:59|121.383395|31.231230|2.2|202.0|9|000
25943|A|0|0|0|0|0|1|2016-03-06 04:21:28|2016-03-06 04:21:10|121.230828|31.114620|9.9|354.0|9|011|A|0|1|1|0|0|2|2016-03-06 04:30:26|2016-03-06 04:30:08|121.180303|31.101732|0.0|277.0|9|000
25870|A|0|0|1|0|0|1|2016-03-06 04:20:45|2016-03-06 04:20:27|121.408677|31.198153|24.6|113.0|10|023|A|0|1|1|0|1|2|2016-03-06 04:30:52|2016-03-06 04:30:34|121.414672|31.172692|0.0|73.0|10|000
25870|A|0|0|0|0|1|1|2016-03-06 04:30:55|2016-03-06 04:30:37|121.414672|31.172692|0.0|73.0|11|000|A|0|1|1|0|0|2|2016-03-06 04:30:58|2016-03-06 04:30:40|121.414672|31.172692|0.0|73.0|10|000
23358|A|0|0|0|0|0|1|2016-03-06 04:23:13|2016-03-06 04:22:55|121.470903|31.215315|16.2|31.0|6|010|A|0|1|1|0|0|2|2016-03-06 04:31:01|2016-03-06 04:30:42|121.486290|31.219993|0.0|63.0|8|000
26216|A|0|0|0|0|0|1|2016-03-06 04:12:22|2016-03-06 04:12:04|121.432397|31.186810|18.2|1.0|9|019|A|0|1|1|0|0|2|2016-03-06 04:31:13|2016-03-06 04:30:55|121.429178|31.244243|23.0|144.0|9|019
25880|A|0|0|1|0|0|1|2016-03-06 04:21:11|2016-03-06 04:20:53|121.469852|31.220900|17.7|354.0|8|017|A|0|1|1|0|1|2|2016-03-06 04:31:16|2016-03-06 04:30:58|121.450278|31.236435|0.0|327.0|4|000
23910|A|0|0|0|0|0|1|2016-03-06 04:24:34|2016-03-06 04:24:15|121.429472|31.239328|20.3|75.0|6|018|A|0|1|1|0|0|2|2016-03-06 04:31:20|2016-03-06 04:31:02|121.425147|31.232633|22.0|236.0|4|022-
26056|A|0|0|0|0|0|1|2016-03-06 04:22:31|2016-03-06 04:22:13|121.510292|31.300333|28.5|197.0|7|026|A|0|1|0|0|0|2|2016-03-06 04:31:21|2016-03-06 04:31:03|121.509115|31.277297|39.0|52.0|6|037
26216|A|0|0|0|0|0|1|2016-03-06 04:31:20|2016-03-06 04:31:02|121.429715|31.244015|42.1|115.0|8|032|A|0|1|1|0|0|2|2016-03-06 04:31:22|2016-03-06 04:31:04|121.429933|31.243940|47.5|111.0|9|037
26008|A|0|0|0|0|0|1|2016-03-06 04:20:12|2016-03-06 04:19:54|121.475127|31.271225|27.6|166.0|8|023|A|0|1|1|0|0|2|2016-03-06 04:31:34|2016-03-06 04:31:15|121.516025|31.271253|0.0|172.0|8|000
14335|A|0|0|0|1|0|1|2016-03-06 04:31:39|2016-03-06 04:30:40|121.517900|31.243398|0.0|180.0|4|000|A|0|1|1|0|0|2|2016-03-06 04:31:39|2016-03-06 04:30:52|121.517900|31.243398|0.0|180.0|5|000
10887|A|0|0|0|0|0|1|2016-03-06 04:20:49|2016-03-06 04:20:31|121.455662|31.307710|32.3|318.0|7|012|A|0|1|1|0|0|2|2016-03-06 04:31:41|2016-03-06 04:31:23|121.438203|31.333632|0.0|247.0|7|000
23401|A|0|0|0|0|0|1|2016-03-06 04:27:09|2016-03-06 04:26:51|121.475933|31.235138|19.4|248.0|8|011|A|0|1|1|0|0|2|2016-03-06 04:31:43|2016-03-06 04:31:02|121.484887|31.242977|0.0|343.0|7|002
26030|A|0|0|0|0|1|1|2016-03-06 04:17:52|2016-03-06 04:17:34|121.415677|31.210423|7.3|95.0|7|007|A|0|1|1|0|1|2|2016-03-06 04:31:48|2016-03-06 04:26:33|121.390022|31.210535|0.0|279.0|6|000
26030|A|0|0|0|0|1|1|2016-03-06 04:31:48|2016-03-06 04:26:18|121.390022|31.210535|0.0|279.0|4|000|A|0|1|1|0|1|2|2016-03-06 04:31:48|2016-03-06 04:26:43|121.390052|31.210515|3.2|72.0|6|003
26030|A|0|0|0|0|0|1|2016-03-06 04:31:48|2016-03-06 04:26:06|121.390497|31.210660|22.9|259.0|4|020|A|0|1|1|0|1|2|2016-03-06 04:31:48|2016-03-06 04:27:13|121.390057|31.210520|1.9|58.0|5|000
23571|A|0|0|0|0|1|1|2016-03-06 04:32:11|2016-03-06 04:31:53|121.524890|31.339703|15.5|357.0|12|014|A|0|1|1|0|1|2|2016-03-06 04:32:17|2016-03-06 04:31:59|121.524885|31.339780|0.0|355.0|11|000
23642|A|0|0|0|0|0|1|2016-03-06 04:19:58|2016-03-06 04:19:40|121.462392|31.209302|11.1|320.0|9|006|A|0|1|1|0|0|2|2016-03-06 04:32:17|2016-03-06 04:31:59|121.496982|31.224397|0.0|176.0|7|007
25989|A|0|0|1|0|0|1|2016-03-06 04:20:17|2016-03-06 04:19:59|121.471862|31.235957|25.1|141.0|7|026|A|0|1|1|0|1|2|2016-03-06 04:32:26|2016-03-06 04:32:08|121.423670|31.169883|0.0|163.0|6|000
25758|A|0|0|0|0|0|1|2016-03-06 04:07:01|2016-03-06 04:06:42|121.442743|31.227670|0.0|179.0|5|000|A|0|1|1|0|0|2|2016-03-06 04:32:29|2016-03-06 04:32:11|121.533277|31.303207|0.0|33.0|3|000
26013|A|0|0|0|0|0|1|2016-03-06 04:23:35|2016-03-06 04:23:17|121.446715|31.239822|33.5|311.0|8|031|A|0|1|1|0|1|2|2016-03-06 04:32:30|2016-03-06 04:32:12|121.450875|31.239585|0.0|98.0|7|000
25989|A|0|0|0|0|1|1|2016-03-06 04:32:28|2016-03-06 04:32:10|121.423678|31.169862|0.0|163.0|6|000|A|0|1|1|0|1|2|2016-03-06 04:32:31|2016-03-06 04:32:12|121.423678|31.169862|0.0|163.0|6|000
20561|A|0|0|0|0|0|1|2016-03-06 04:07:56|2016-03-06 04:07:37|121.418378|31.285535|3.4|345.0|7|000|A|0|1|1|0|1|2|2016-03-06 04:32:35|2016-03-06 04:32:17|121.537932|31.334473|0.0|54.0|10|000
20975|A|0|0|0|0|0|1|2016-03-06 01:37:20|2016-03-06 01:37:01|121.478678|31.338825|0.0|175.0|3|000|A|0|1|5|0|0|2|2016-03-06 04:32:37|2016-03-06 04:32:18|121.478853|31.338858|10.0|160.0|3|008
10292|A|0|0|0|0|0|1|2016-03-06 00:30:51|2016-03-06 00:29:01|121.283068|31.213672|0.0|312.0|9|000|A|0|1|5|0|0|2|2016-03-06 04:32:58|2016-03-06 04:24:32|121.271085|31.237137|0.0|350.0|9|000
23746|A|0|0|0|0|0|1|2016-03-06 04:04:01|2016-03-06 04:03:43|121.453128|31.242592|22.9|150.0|6|021|A|0|1|1|0|0|2|2016-03-06 04:32:59|2016-03-06 04:25:54|121.390947|31.156045|0.0|42.0|9|000
23315|A|0|0|1|0|0|1|2016-03-06 04:25:57|2016-03-06 04:25:39|121.460802|31.246498|45.9|280.0|9|045|A|0|1|1|0|0|2|2016-03-06 04:33:25|2016-03-06 04:33:07|121.444280|31.312425|16.1|17.0|10|017
23315|A|0|0|0|0|0|1|2016-03-06 04:33:30|2016-03-06 04:33:12|121.444428|31.312527|15.2|72.0|9|014|A|0|1|1|0|0|2|2016-03-06 04:33:37|2016-03-06 04:33:19|121.444795|31.312545|21.9|86.0|10|021
25938|A|0|0|0|0|0|1|2016-03-06 04:20:13|2016-03-06 04:19:55|121.469423|31.238028|22.2|9.0|8|017|A|0|1|1|0|1|2|2016-03-06 04:33:45|2016-03-06 04:33:27|121.522095|31.279748|0.0|57.0|9|000
20621|A|0|0|0|0|0|1|2016-03-06 04:03:49|2016-03-06 04:03:31|121.305253|31.145747|10.3|64.0|9|010|A|0|1|1|0|0|2|2016-03-06 04:33:45|2016-03-06 04:33:27|121.432288|31.257585|0.0|25.0|11|000
20661|A|0|0|0|0|0|1|2016-03-06 04:24:54|2016-03-06 04:24:36|121.497713|31.253693|23.1|66.0|11|022|A|0|1|1|0|0|2|2016-03-06 04:33:55|2016-03-06 04:33:35|121.524922|31.276243|0.0|142.0|11|000
26094|A|0|0|0|0|1|1|2016-03-06 04:29:19|2016-03-06 04:29:01|121.506843|31.192855|2.0|287.0|9|000|A|0|1|1|0|0|2|2016-03-06 04:34:20|2016-03-06 04:34:02|121.516600|31.209363|0.0|38.0|9|000
26337|A|0|0|0|0|0|1|2016-03-06 04:24:54|2016-03-06 04:24:36|121.440815|31.223235|0.0|195.0|8|000|A|0|1|1|0|0|2|2016-03-06 04:34:21|2016-03-06 04:34:03|121.414495|31.209937|0.0|255.0|6|000
26337|A|0|0|0|0|0|1|2016-03-06 04:34:22|2016-03-06 04:34:04|121.414495|31.209937|0.0|255.0|6|000|A|0|1|1|0|0|2|2016-03-06 04:34:23|2016-03-06 04:34:05|121.414495|31.209937|0.0|255.0|6|000
26094|A|0|0|0|0|0|1|2016-03-06 04:34:24|2016-03-06 04:34:05|121.516600|31.209363|0.0|38.0|9|000|A|0|1|1|0|0|2|2016-03-06 04:34:27|2016-03-06 04:34:08|121.516612|31.209370|4.3|43.0|10|004
25746|A|0|0|0|0|0|1|2016-03-06 04:29:07|2016-03-06 04:28:49|121.449598|31.315435|9.1|353.0|8|008|A|0|1|1|0|0|2|2016-03-06 04:34:41|2016-03-06 04:34:23|121.448733|31.316925|8.9|280.0|5|008
25997|A|0|0|0|0|0|1|2016-03-06 04:30:43|2016-03-06 04:30:24|121.402288|31.326822|21.4|170.0|8|020|A|0|1|1|0|1|2|2016-03-06 04:35:12|2016-03-06 04:34:54|121.397018|31.309272|0.0|157.0|8|000
23531|A|0|0|0|0|0|1|2016-03-06 04:26:14|2016-03-06 04:25:56|121.447667|31.218955|6.9|346.0|7|006|A|0|1|1|0|0|2|2016-03-06 04:35:22|2016-03-06 04:35:04|121.436180|31.226218|0.0|132.0|8|000
20583|A|0|0|0|0|0|1|2016-03-06 04:24:42|2016-03-06 04:24:24|121.500658|31.262555|21.2|40.0|11|018|A|0|1|1|0|0|2|2016-03-06 04:35:25|2016-03-06 04:35:07|121.516505|31.243757|0.0|90.0|8|000
20582|A|0|0|0|0|0|1|2016-03-06 04:20:20|2016-03-06 04:20:02|121.384187|31.207892|19.9|100.0|9|019|A|0|1|1|0|1|2|2016-03-06 04:35:28|2016-03-06 04:35:10|121.362895|31.138547|0.0|251.0|8|000
26270|A|0|0|0|0|0|1|2016-03-06 04:18:29|2016-03-06 04:18:11|121.433070|31.198450|18.4|161.0|10|015|A|0|1|1|0|0|2|2016-03-06 04:36:04|2016-03-06 04:35:46|121.386290|31.210000|0.0|2.0|9|000
23522|A|0|0|0|0|0|1|2016-03-06 04:27:06|2016-03-06 04:26:48|121.508975|31.141480|0.0|135.0|8|004|A|0|1|1|0|1|2|2016-03-06 04:36:08|2016-03-06 04:35:50|121.500457|31.165983|0.0|111.0|7|000
23849|A|0|0|0|0|0|1|2016-03-06 04:22:54|2016-03-06 04:22:36|121.516350|31.270708|20.7|350.0|6|016|A|0|1|1|0|0|2|2016-03-06 04:36:21|2016-03-06 04:35:18|121.470905|31.279462|35.5|305.0|7|045
23460|A|0|0|0|0|0|1|2016-03-06 04:10:14|2016-03-06 04:09:56|121.459368|31.232742|0.0|266.0|7|000|A|0|1|1|0|0|2|2016-03-06 04:36:25|2016-03-06 04:35:27|121.373245|31.256255|0.0|284.0|8|000
26316|A|0|0|0|0|0|1|2016-03-06 04:10:19|2016-03-06 04:10:00|121.463508|31.227315|38.3|140.0|4|029|A|0|1|1|0|0|2|2016-03-06 04:36:30|2016-03-06 04:36:12|121.383123|31.214183|14.2|208.0|3|004
23102|A|0|0|0|0|0|1|2016-03-06 04:26:55|2016-03-06 04:26:10|121.485673|31.240152|26.7|354.0|7|025|A|0|1|1|0|0|2|2016-03-06 04:36:38|2016-03-06 04:36:20|121.497448|31.251918|0.0|250.0|9|000
17121|A|0|0|5|0|0|1|2016-03-06 04:36:42|2016-03-06 04:36:06|121.437762|31.331452|52.4|339.0|11|051|A|0|1|5|0|0|2|2016-03-06 04:36:42|2016-03-06 04:35:56|121.438320|31.330243|53.4|338.0|9|053
23402|A|0|0|0|0|0|1|2016-03-06 04:36:20|2016-03-06 04:36:02|121.408413|31.201587|9.8|151.0|9|000|A|0|1|1|0|0|2|2016-03-06 04:36:43|2016-03-06 04:36:24|121.409560|31.200432|26.0|148.0|9|026
23760|A|0|0|0|0|0|1|2016-03-06 04:34:13|2016-03-06 04:33:55|121.471767|31.284807|20.1|90.0|5|006|A|0|1|5|0|0|2|2016-03-06 04:36:45|2016-03-06 04:36:27|121.472842|31.290237|0.0|11.0|4|000
26028|A|0|0|0|0|0|1|2016-03-06 04:22:11|2016-03-06 04:21:53|121.381048|31.208658|26.5|107.0|9|026|A|0|1|0|0|0|2|2016-03-06 04:36:55|2016-03-06 04:36:37|121.393628|31.218602|0.0|39.0|7|000
26325|A|0|0|0|0|0|1|2016-03-06 04:33:46|2016-03-06 04:33:27|121.477048|31.223270|0.0|153.0|7|000|A|0|1|V|0|0|2|2016-03-06 04:37:19|2016-03-06 04:36:57|121.484202|31.219243|0.0|44.0|0|007
26266|A|0|0|1|0|0|1|2016-03-06 04:25:38|2016-03-06 04:25:19|121.461855|31.211412|40.6|344.0|8|038|A|0|1|1|0|1|2|2016-03-06 04:37:22|2016-03-06 04:37:04|121.424808|31.251363|0.0|325.0|8|000
26291|A|0|0|0|0|0|1|2016-03-06 04:29:17|2016-03-06 04:28:59|121.388485|31.207595|20.4|88.0|10|014|A|0|1|1|0|0|2|2016-03-06 04:37:24|2016-03-06 04:32:59|121.389210|31.196703|17.7|77.0|9|007
26291|A|0|0|0|0|0|1|2016-03-06 04:37:24|2016-03-06 04:32:36|121.389055|31.197107|33.5|166.0|11|033|A|0|1|1|0|0|2|2016-03-06 04:37:25|2016-03-06 04:33:14|121.388778|31.198105|43.8|343.0|9|044
20673|A|0|0|0|0|0|1|2016-03-06 04:21:12|2016-03-06 04:20:54|121.514100|31.230262|9.8|255.0|9|009|A|0|1|1|0|1|2|2016-03-06 04:37:26|2016-03-06 04:37:08|121.502788|31.160950|0.0|270.0|10|000
23438|A|0|0|0|0|0|1|2016-03-06 04:31:38|2016-03-06 04:31:20|121.481712|31.276980|5.8|344.0|10|000|A|0|1|1|0|0|2|2016-03-06 04:37:35|2016-03-06 04:37:13|121.512917|31.276357|0.0|118.0|6|000
23663|A|0|0|0|0|0|1|2016-03-06 04:08:23|2016-03-06 04:08:05|121.447592|31.219020|0.0|318.0|6|000|A|0|1|0|0|0|2|2016-03-06 04:37:36|2016-03-06 04:37:18|121.406745|31.290730|0.0|351.0|8|000
23593|A|0|0|0|0|0|1|2016-03-06 04:32:24|2016-03-06 04:32:06|121.598702|31.274407|7.9|122.0|10|000|A|0|1|1|0|0|2|2016-03-06 04:37:55|2016-03-06 04:37:37|121.607370|31.286705|0.0|274.0|10|000
26168|A|0|0|0|0|0|1|2016-03-06 03:49:48|2016-03-06 03:49:30|121.313552|31.148705|17.1|260.0|6|012|A|0|1|5|0|0|2|2016-03-06 04:37:59|2016-03-06 04:37:41|121.804150|31.151725|0.0|337.0|8|000
23920|A|0|0|0|0|0|1|2016-03-06 04:19:40|2016-03-06 04:19:21|121.458847|31.246887|46.9|104.0|5|045|A|0|1|5|0|0|2|2016-03-06 04:38:10|2016-03-06 04:37:51|121.504243|31.264592|19.4|320.0|4|019
20560|A|0|0|0|0|0|1|2016-03-06 04:16:19|2016-03-06 04:15:52|121.450070|31.312630|32.2|272.0|7|031|A|0|1|1|0|1|2|2016-03-06 04:38:11|2016-03-06 04:37:53|121.342118|31.196053|6.4|184.0|5|005
26443|A|0|0|0|0|0|1|2016-03-06 04:36:06|2016-03-06 04:35:47|121.401845|31.284817|26.6|179.0|7|020|A|0|1|1|0|0|2|2016-03-06 04:38:16|2016-03-06 04:37:58|121.408370|31.277853|3.3|103.0|7|000
26129|A|0|0|1|0|0|1|2016-03-06 04:33:36|2016-03-06 04:33:17|121.537442|31.242737|27.5|153.0|10|026|A|0|1|1|0|0|2|2016-03-06 04:38:26|2016-03-06 04:38:08|121.514703|31.239237|0.0|65.0|9|000
26312|A|0|0|0|0|0|1|2016-03-06 04:00:46|2016-03-06 04:00:27|121.462365|31.229758|0.0|266.0|3|000|A|0|1|1|0|0|2|2016-03-06 04:38:30|2016-03-06 04:38:11|121.533055|31.284847|6.3|13.0|4|007
25807|A|0|0|0|0|0|1|2016-03-06 04:28:24|2016-03-06 04:28:06|121.507682|31.276170|22.5|4.0|10|021|A|0|1|1|0|1|2|2016-03-06 04:38:34|2016-03-06 04:38:16|121.511222|31.263617|0.0|152.0|11|000
23917|A|0|0|0|0|0|1|2016-03-06 04:23:11|2016-03-06 04:22:53|121.471018|31.224400|13.0|71.0|9|011|A|0|1|1|0|0|2|2016-03-06 04:38:35|2016-03-06 04:38:17|121.467132|31.236285|0.0|22.0|7|000
23584|A|0|0|0|0|0|1|2016-03-06 00:30:15|2016-03-06 00:29:57|121.253717|31.110287|0.0|288.0|7|000|A|0|1|1|0|0|2|2016-03-06 04:38:43|2016-03-06 04:38:24|121.253812|31.110217|0.0|288.0|8|000
23553|A|0|0|0|0|0|1|2016-03-06 04:25:22|2016-03-06 04:25:04|121.480060|31.236922|6.2|145.0|5|006|A|0|1|1|0|0|2|2016-03-06 04:38:45|2016-03-06 04:38:26|121.468700|31.197803|3.4|257.0|7|000
26145|A|0|0|0|0|1|1|2016-03-06 04:30:26|2016-03-06 04:30:08|121.465882|31.207408|0.0|154.0|5|000|A|0|1|0|0|0|2|2016-03-06 04:38:52|2016-03-06 04:38:34|121.475453|31.219913|1.9|249.0|7|000
23458|A|0|0|0|0|0|1|2016-03-06 04:18:38|2016-03-06 04:18:20|121.404288|31.189335|12.9|26.0|9|013|A|0|1|1|0|0|2|2016-03-06 04:39:02|2016-03-06 04:38:44|121.385213|31.242125|0.0|284.0|8|000
23458|A|0|0|0|0|0|1|2016-03-06 04:39:03|2016-03-06 04:38:45|121.385213|31.242125|0.0|284.0|8|000|A|0|1|1|0|0|2|2016-03-06 04:39:05|2016-03-06 04:38:47|121.385213|31.242125|0.0|284.0|8|000
26358|A|0|0|0|0|0|1|2016-03-06 04:19:52|2016-03-06 04:19:34|121.443645|31.223195|20.1|63.0|5|014|A|0|1|1|0|0|2|2016-03-06 04:39:26|2016-03-06 04:39:08|121.485272|31.248928|0.0|184.0|6|000
26356|A|0|0|0|0|0|1|2016-03-06 04:30:59|2016-03-06 04:30:41|121.459028|31.273060|14.2|236.0|9|011|A|0|1|1|0|0|2|2016-03-06 04:39:28|2016-03-06 04:39:10|121.408703|31.247808|0.0|225.0|7|000
26356|A|0|0|0|0|0|1|2016-03-06 04:39:29|2016-03-06 04:39:11|121.408703|31.247808|0.0|225.0|7|000|A|0|1|1|0|0|2|2016-03-06 04:39:31|2016-03-06 04:39:13|121.408703|31.247808|0.0|225.0|7|000
25855|A|0|0|5|0|0|1|2016-03-06 03:20:41|2016-03-06 03:20:22|121.474220|31.340035|0.0|101.0|8|000|A|0|1|5|0|0|2|2016-03-06 04:39:39|2016-03-06 04:39:21|121.484432|31.339840|0.0|7.0|11|000
26144|A|0|0|0|0|0|1|2016-03-06 04:35:25|2016-03-06 04:35:06|121.523642|31.320187|14.3|86.0|8|010|A|0|1|0|0|0|2|2016-03-06 04:39:50|2016-03-06 04:39:31|121.530763|31.330350|0.0|124.0|9|000
26238|A|0|0|0|0|0|1|2016-03-06 04:24:50|2016-03-06 04:24:32|121.382828|31.196065|13.7|245.0|7|012|A|0|1|1|0|1|2|2016-03-06 04:39:50|2016-03-06 04:39:32|121.424773|31.156148|0.0|135.0|10|000
26144|A|0|0|0|0|0|1|2016-03-06 04:39:52|2016-03-06 04:39:34|121.530763|31.330350|0.0|124.0|9|000|A|0|1|1|0|0|2|2016-03-06 04:39:56|2016-03-06 04:39:37|121.530763|31.330350|7.6|91.0|9|000
23106|A|0|0|0|0|0|1|2016-03-06 04:32:54|2016-03-06 04:32:36|121.505527|31.300478|24.8|251.0|8|023|A|0|1|0|0|0|2|2016-03-06 04:40:01|2016-03-06 04:39:41|121.475282|31.287903|1.9|1.0|5|026
20619|A|0|0|0|0|0|1|2016-03-06 04:27:02|2016-03-06 04:26:43|121.336320|31.225750|26.7|93.0|8|025|A|0|1|1|0|1|2|2016-03-06 04:40:07|2016-03-06 04:39:49|121.322253|31.197310|0.0|82.0|10|000
23759|A|0|0|0|0|0|1|2016-03-06 04:27:13|2016-03-06 04:26:55|121.450237|31.217910|10.0|308.0|9|004|A|0|1|1|0|0|2|2016-03-06 04:40:14|2016-03-06 04:39:56|121.440482|31.216177|0.0|173.0|8|000
23861|A|0|0|0|0|0|1|2016-03-06 04:35:15|2016-03-06 04:34:57|121.509653|31.305428|13.1|333.0|4|009|A|0|1|1|0|0|2|2016-03-06 04:40:17|2016-03-06 04:39:59|121.485733|31.315053|0.0|7.0|6|000
25941|A|0|0|2|0|0|1|2016-03-06 04:25:04|2016-03-06 04:24:44|121.387632|31.131402|7.2|17.0|10|005|A|0|1|1|0|1|2|2016-03-06 04:40:34|2016-03-06 04:40:16|121.322260|31.195242|0.0|279.0|11|000
20559|A|0|0|0|0|0|1|2016-03-06 04:35:07|2016-03-06 04:34:49|121.444790|31.331240|28.9|341.0|11|027|A|0|1|5|0|1|2|2016-03-06 04:40:49|2016-03-06 04:40:31|121.449473|31.335777|7.6|243.0|9|005
23781|A|0|0|0|0|0|1|2016-03-06 03:57:51|2016-03-06 03:57:33|121.460090|31.273633|13.9|237.0|8|012|A|0|1|1|0|0|2|2016-03-06 04:40:51|2016-03-06 04:40:32|121.266017|31.175487|4.4|31.0|10|003
25836|A|0|0|0|0|0|1|2016-03-06 04:29:12|2016-03-06 04:28:54|121.485517|31.240442|24.6|172.0|5|022|A|0|1|1|0|1|2|2016-03-06 04:40:52|2016-03-06 04:40:34|121.405185|31.230080|0.0|243.0|8|000
23102|A|0|0|0|0|0|1|2016-03-06 04:37:47|2016-03-06 04:37:29|121.498510|31.252490|30.7|20.0|7|035|A|0|1|1|0|0|2|2016-03-06 04:40:55|2016-03-06 04:40:37|121.502950|31.266690|29.9|19.0|9|028
25717|A|0|0|0|0|0|1|2016-03-06 04:36:01|2016-03-06 04:35:43|121.520287|31.240997|30.6|164.0|10|029|A|0|1|1|0|0|2|2016-03-06 04:41:51|2016-03-06 04:41:33|121.538853|31.244778|0.0|69.0|10|000
25723|A|0|0|0|0|0|1|2016-03-06 04:29:08|2016-03-06 04:28:50|121.363412|31.254197|23.7|106.0|11|023|A|0|1|5|0|0|2|2016-03-06 04:42:18|2016-03-06 04:42:00|121.400868|31.252578|0.0|99.0|12|000
26223|A|0|0|0|0|0|1|2016-03-06 04:31:54|2016-03-06 04:31:36|121.447655|31.219360|16.2|236.0|11|014|A|0|1|1|0|1|2|2016-03-06 04:42:24|2016-03-06 04:42:06|121.409247|31.202037|0.0|257.0|8|000
26227|A|0|0|1|0|0|1|2016-03-06 04:32:22|2016-03-06 04:32:01|121.475342|31.228397|15.5|314.0|8|013|A|0|1|1|0|1|2|2016-03-06 04:42:31|2016-03-06 04:42:13|121.457103|31.271845|2.6|353.0|6|010
23438|A|0|0|0|0|0|1|2016-03-06 04:38:54|2016-03-06 04:38:36|121.513392|31.276480|10.1|19.0|8|000|A|0|1|1|0|0|2|2016-03-06 04:42:33|2016-03-06 04:42:15|121.517137|31.267857|0.0|213.0|9|000
23515|A|0|0|0|0|0|1|2016-03-06 04:28:09|2016-03-06 04:27:51|121.501995|31.270915|15.7|6.0|8|012|A|0|1|1|0|0|2|2016-03-06 04:42:39|2016-03-06 04:42:21|121.548998|31.307613|19.9|114.0|9|018
20748|A|0|0|5|0|0|1|2016-03-06 01:48:20|2016-03-06 01:47:46|121.428405|31.166520|0.0|177.0|5|000|A|0|1|1|0|0|2|2016-03-06 04:42:48|2016-03-06 04:42:26|121.426562|31.210232|2.0|350.0|7|000
23597|A|0|0|0|0|0|1|2016-03-06 04:23:53|2016-03-06 04:23:35|121.471095|31.224402|5.4|79.0|9|004|A|0|1|1|0|0|2|2016-03-06 04:42:59|2016-03-06 04:42:41|121.476643|31.241752|0.0|68.0|9|000
23735|A|0|0|V|0|0|1|2016-03-06 02:53:09|2010-01-01|121.394928|31.344970|0.0|0.0|0|000|A|0|1|1|0|0|2|2016-03-06 04:43:31|2016-03-06 04:43:12|121.394928|31.344950|0.0|0.0|11|000
26363|A|0|0|0|0|0|1|2016-03-06 04:32:17|2016-03-06 04:31:59|121.465162|31.284760|5.6|13.0|5|008|A|0|1|1|0|0|2|2016-03-06 04:43:38|2016-03-06 04:43:20|121.491748|31.311925|25.6|176.0|8|023
20673|A|0|0|0|0|0|1|2016-03-06 04:41:26|2016-03-06 04:41:07|121.494173|31.161172|15.2|334.0|11|016|A|0|1|1|0|1|2|2016-03-06 04:43:40|2016-03-06 04:43:22|121.495353|31.166465|0.0|261.0|10|000
11098|A|0|0|0|0|0|1|2016-03-06 04:44:01|2016-03-06 04:41:25|121.309302|31.153865|12.7|215.0|3|009|A|0|1|0|0|0|2|2016-03-06 04:44:01|2016-03-06 04:43:16|121.311703|31.148920|17.8|154.0|5|019
11098|A|0|0|0|0|0|1|2016-03-06 04:44:01|2016-03-06 04:41:46|121.309720|31.152838|28.7|155.0|4|029|A|0|1|1|0|0|2|2016-03-06 04:44:01|2016-03-06 04:43:35|121.311417|31.148320|20.8|246.0|5|020
25712|A|0|0|1|0|0|1|2016-03-06 04:36:13|2016-03-06 04:35:54|121.476745|31.306478|6.5|340.0|8|000|A|0|1|1|0|0|2|2016-03-06 04:44:01|2016-03-06 04:43:43|121.486212|31.278622|0.0|88.0|7|000
21584|A|0|0|2|0|0|1|2016-03-06 01:56:43|2016-03-06 01:56:14|121.413427|31.195812|19.2|270.0|9|010|A|0|1|1|0|0|2|2016-03-06 04:44:13|2016-03-06 04:39:24|121.344930|31.331677|1.9|65.0|11|000
17436|A|0|0|0|0|0|1|2016-03-06 04:38:25|2016-03-06 04:37:31|121.333890|31.173038|24.2|1.0|5|014|A|0|1|0|0|1|2|2016-03-06 04:44:32|2016-03-06 04:43:24|121.345325|31.184707|0.0|195.0|4|000
23909|A|0|0|1|0|0|1|2016-03-06 04:26:42|2016-03-06 04:26:15|121.598440|31.268260|31.9|42.0|8|030|A|0|1|1|0|0|2|2016-03-06 04:44:42|2016-03-06 04:44:24|121.498320|31.186893|13.8|268.0|9|012
14171|A|0|0|0|0|0|1|2016-03-06 04:33:39|2016-03-06 04:32:35|121.531458|31.302940|38.9|356.0|10|040|A|0|1|1|0|0|2|2016-03-06 04:44:57|2016-03-06 04:40:18|121.529972|31.326862|22.5|85.0|11|021
14171|A|0|0|0|0|0|1|2016-03-06 04:44:57|2016-03-06 04:40:15|121.529837|31.326855|9.6|82.0|11|004|A|0|1|1|0|0|2|2016-03-06 04:44:57|2016-03-06 04:40:52|121.534018|31.326778|21.9|128.0|10|022
11574|A|0|0|5|0|1|1|2016-03-06 04:45:01|2016-03-06 04:43:50|121.473338|31.340333|5.5|61.0|8|007|A|0|1|5|0|0|2|2016-03-06 04:45:01|2016-03-06 04:43:41|121.472782|31.340138|33.7|75.0|9|033
26039|A|0|0|2|0|0|1|2016-03-06 04:30:47|2016-03-06 04:30:25|121.265560|31.090210|14.2|9.0|10|015|A|0|1|1|0|0|2|2016-03-06 04:45:05|2016-03-06 04:44:46|121.319965|31.128635|0.0|82.0|11|000
26135|A|0|0|0|0|1|1|2016-03-06 04:45:08|2016-03-06 04:44:50|121.444813|31.210343|0.0|38.0|10|003|A|0|1|1|0|1|2|2016-03-06 04:45:17|2016-03-06 04:44:59|121.444832|31.210368|0.0|30.0|9|000
25950|A|0|0|0|0|0|1|2016-03-06 03:09:27|2016-03-06 03:09:09|121.477130|30.932570|46.0|251.0|9|046-|A|0|1|0|0|0|2|2016-03-06 04:45:21|2016-03-06 04:45:02|121.540412|31.294965|0.0|158.0|10|000
23401|A|0|0|0|0|0|1|2016-03-06 04:34:23|2016-03-06 04:33:28|121.486630|31.236520|16.8|137.0|7|015|A|0|1|1|0|0|2|2016-03-06 04:45:22|2016-03-06 04:45:04|121.432237|31.200355|0.0|333.0|10|000
13028|A|0|0|0|0|0|1|2016-03-06 04:01:27|2016-03-06 03:57:12|121.456042|31.121988|8.8|261.0|9|008|A|0|1|5|0|0|2|2016-03-06 04:45:28|2016-03-06 04:45:00|121.454953|31.121855|0.0|17.0|7|000
26153|A|0|0|0|0|0|1|2016-03-06 04:43:02|2016-03-06 04:42:44|121.443738|31.238085|26.0|320.0|7|026|A|0|1|1|0|0|2|2016-03-06 04:45:41|2016-03-06 04:45:23|121.437980|31.241482|8.9|303.0|9|009
23558|A|0|0|0|0|0|1|2016-03-06 04:39:34|2016-03-06 04:39:16|121.436697|31.195753|0.0|93.0|8|004|A|0|1|1|0|0|2|2016-03-06 04:45:54|2016-03-06 04:45:36|121.417180|31.182070|0.0|293.0|9|000
23402|A|0|0|0|0|0|1|2016-03-06 04:36:57|2016-03-06 04:36:39|121.409748|31.200085|0.0|154.0|8|000|A|0|1|1|0|0|2|2016-03-06 04:46:02|2016-03-06 04:45:42|121.442560|31.175398|0.0|98.0|12|000
23347|A|0|0|0|0|0|1|2016-03-06 04:25:52|2016-03-06 04:25:34|121.442737|31.207668|21.7|32.0|7|020|A|0|1|0|0|1|2|2016-03-06 04:46:10|2016-03-06 04:45:51|121.444558|31.241803|0.0|139.0|4|000
26065|A|0|0|1|0|0|1|2016-03-06 03:55:26|2016-03-06 03:55:00|121.477627|31.229823|10.9|245.0|9|010|A|0|1|1|0|0|2|2016-03-06 04:46:12|2016-03-06 04:44:56|121.301443|31.151282|0.0|64.0|11|000
27411|A|0|0|1|0|0|1|2016-03-06 04:42:12|2016-03-06 04:41:53|121.458618|31.229155|15.3|338.0|11|013|A|0|1|1|0|1|2|2016-03-06 04:46:49|2016-03-06 04:46:31|121.466285|31.236285|0.0|329.0|6|000
17188|A|0|0|0|0|0|1|2016-03-06 03:37:41|2016-03-06 03:33:51|121.803525|31.153492|10.8|294.0|3|016|A|0|1|0|0|0|2|2016-03-06 04:46:52|2016-03-06 04:45:46|121.316325|31.195037|0.0|19.0|8|000
23404|A|0|0|0|0|0|1|2016-03-06 04:35:14|2016-03-06 04:34:56|121.443285|31.226015|12.1|40.0|10|011|A|0|1|1|0|1|2|2016-03-06 04:46:56|2016-03-06 04:46:38|121.420453|31.250257|0.0|333.0|9|000
23342|A|0|0|0|0|0|1|2016-03-06 04:38:42|2016-03-06 04:38:24|121.289387|31.026317|3.3|66.0|8|000|A|0|1|1|0|0|2|2016-03-06 04:47:16|2016-03-06 04:43:45|121.310232|31.014625|0.0|80.0|6|000
23663|A|0|0|0|0|0|1|2016-03-06 04:37:52|2016-03-06 04:37:34|121.406697|31.290748|11.2|185.0|8|009|A|0|1|1|0|0|2|2016-03-06 04:47:26|2016-03-06 04:47:08|121.384987|31.293020|0.0|243.0|9|000
23310|A|0|0|1|0|0|1|2016-03-06 04:25:40|2016-03-06 04:25:21|121.388918|31.196960|12.9|90.0|6|011|A|0|1|1|0|1|2|2016-03-06 04:47:32|2016-03-06 04:47:11|121.418407|31.126630|0.0|145.0|6|000
17454|A|0|0|0|0|1|1|2016-03-06 04:47:34|2016-03-06 04:36:21|121.388622|31.198718|0.0|354.0|9|000|A|0|1|1|0|1|2|2016-03-06 04:47:36|2016-03-06 04:42:35|121.378207|31.195655|0.0|50.0|10|000
17454|A|0|0|0|0|1|1|2016-03-06 04:47:36|2016-03-06 04:42:20|121.378207|31.195655|0.0|50.0|10|000|A|0|1|1|0|1|2|2016-03-06 04:47:36|2016-03-06 04:42:55|121.378228|31.195660|5.2|17.0|10|005
23569|A|0|0|0|0|0|1|2016-03-06 04:31:09|2016-03-06 04:30:50|121.393910|31.308977|3.3|79.0|10|014|A|0|1|1|0|0|2|2016-03-06 04:47:37|2016-03-06 04:47:11|121.450780|31.249062|2.1|153.0|4|021
30012|A|0|0|0|0|0|1|2016-03-06 04:40:11|2016-03-06 04:39:53|121.398843|31.250132|0.0|145.0|6|000|A|0|1|5|0|1|2|2016-03-06 04:47:39|2016-03-06 04:47:21|121.396540|31.254557|23.5|344.0|7|025
20578|A|0|0|0|0|0|1|2016-03-06 04:32:23|2016-03-06 04:32:04|121.691605|31.185300|9.7|184.0|9|005|A|0|1|1|0|1|2|2016-03-06 04:47:42|2016-03-06 04:47:22|121.804270|31.151770|0.0|333.0|8|000
26903|A|0|0|0|0|1|1|2016-03-06 02:15:14|2016-03-06 02:14:47|121.434043|31.191140|22.6|248.0|6|016|A|0|1|0|0|0|2|2016-03-06 04:48:03|2016-03-06 04:47:44|121.408882|31.421080|0.0|350.0|6|000
26422|A|0|0|0|0|0|1|2016-03-06 04:15:19|2016-03-06 04:15:01|121.488228|31.216265|19.8|163.0|8|020|A|0|1|1|0|0|2|2016-03-06 04:48:37|2016-03-06 04:45:09|121.330817|31.139435|0.0|337.0|10|000
20526|A|0|0|0|0|0|1|2016-03-06 03:39:43|2016-03-06 03:39:25|121.534857|31.319235|0.0|228.0|8|000|A|0|1|5|0|0|2|2016-03-06 04:48:37|2016-03-06 04:48:19|121.534792|31.319178|0.0|101.0|5|000
11090|A|0|0|5|0|0|1|2016-03-06 04:34:16|2016-03-06 04:32:37|121.361798|31.109587|19.4|163.0|11|012|A|0|1|1|0|1|2|2016-03-06 04:48:41|2016-03-06 04:40:14|121.343270|31.105900|0.0|47.0|10|000
25911|A|0|0|0|0|0|1|2016-03-06 04:41:44|2016-03-06 04:41:26|121.150945|31.297133|34.0|264.0|9|037|A|0|1|5|0|1|2|2016-03-06 04:48:42|2016-03-06 04:48:24|121.120977|31.289782|0.0|184.0|5|000
26064|A|0|0|0|0|0|1|2016-03-06 04:44:24|2016-03-06 04:44:06|121.470753|31.224472|11.1|285.0|10|000|A|0|1|1|0|0|2|2016-03-06 04:48:43|2016-03-06 04:48:25|121.475163|31.226615|15.8|162.0|9|016
26285|A|0|0|0|0|0|1|2016-03-06 04:35:37|2016-03-06 04:35:18|121.444725|31.213747|7.9|162.0|9|006|A|0|1|1|0|0|2|2016-03-06 04:49:01|2016-03-06 04:48:43|121.429220|31.244008|0.0|294.0|8|000
25881|A|0|0|0|0|0|1|2016-03-06 04:40:49|2016-03-06 04:40:30|121.382842|31.228407|23.4|184.0|6|020|A|0|1|1|0|1|2|2016-03-06 04:49:07|2016-03-06 04:48:49|121.412378|31.213937|0.0|252.0|4|000
23441|A|0|0|0|0|0|1|2016-03-06 04:33:48|2016-03-06 04:33:30|121.484857|31.224782|10.0|156.0|8|000|A|0|1|1|0|1|2|2016-03-06 04:49:09|2016-03-06 04:48:51|121.342058|31.196270|0.0|183.0|7|000
23711|A|0|0|0|0|0|1|2016-03-06 04:15:10|2016-03-06 04:14:52|121.431118|31.243390|9.7|285.0|8|003|A|0|1|1|0|0|2|2016-03-06 04:49:12|2016-03-06 04:48:53|121.432312|31.241382|0.0|61.0|9|000
23812|A|0|0|0|0|0|1|2016-03-06 04:46:06|2016-03-06 04:44:03|121.514282|31.266637|3.6|142.0|11|005|A|0|1|5|0|1|2|2016-03-06 04:49:12|2016-03-06 04:48:54|121.515610|31.273042|0.0|347.0|11|000
23593|A|0|0|2|0|0|1|2016-03-06 04:43:12|2016-03-06 04:42:52|121.601848|31.282418|39.6|261.0|12|038|A|0|1|1|0|0|2|2016-03-06 04:49:19|2016-03-06 04:49:01|121.596377|31.266292|0.0|168.0|8|000
25870|A|0|0|0|0|0|1|2016-03-06 04:43:06|2016-03-06 04:42:48|121.422630|31.185582|17.2|24.0|11|013|A|0|1|1|0|1|2|2016-03-06 04:49:34|2016-03-06 04:49:16|121.419415|31.208835|0.0|15.0|8|000
25870|A|0|0|0|0|1|1|2016-03-06 04:49:36|2016-03-06 04:49:18|121.419415|31.208835|0.0|15.0|10|000|A|0|1|1|0|0|2|2016-03-06 04:49:38|2016-03-06 04:49:20|121.419415|31.208835|0.0|15.0|10|000
23333|A|0|0|0|0|0|1|2016-03-06 04:31:40|2016-03-06 04:31:22|121.486202|31.282485|21.2|358.0|11|019|A|0|1|1|0|0|2|2016-03-06 04:49:42|2016-03-06 04:49:24|121.514925|31.305405|12.8|346.0|10|012
23914|A|0|0|0|0|0|1|2016-03-06 04:12:54|2016-03-06 04:12:36|121.452310|31.223720|17.3|157.0|6|014|A|0|1|1|0|0|2|2016-03-06 04:49:43|2016-03-06 04:49:24|121.452747|31.224447|0.0|345.0|3|007
25921|A|0|0|0|0|0|1|2016-03-06 04:19:54|2016-03-06 04:19:36|121.600390|31.318437|21.3|48.0|10|020|A|0|1|1|0|1|2|2016-03-06 04:49:44|2016-03-06 04:49:26|121.803625|31.153758|0.0|43.0|11|000
23358|A|0|0|0|0|0|1|2016-03-06 04:46:30|2016-03-06 04:46:00|121.470958|31.220562|12.6|247.0|5|011|A|0|1|1|0|0|2|2016-03-06 04:49:47|2016-03-06 04:49:29|121.467193|31.219930|0.0|17.0|4|000
26024|A|0|0|0|0|0|1|2016-03-06 04:24:13|2016-03-06 04:23:55|121.433073|31.198673|8.6|158.0|7|006|A|0|1|1|0|0|2|2016-03-06 04:49:47|2016-03-06 04:49:29|121.531002|31.169743|0.0|62.0|11|000
23553|A|0|0|0|0|0|1|2016-03-06 04:43:56|2016-03-06 04:43:37|121.463997|31.207528|17.9|271.0|7|015|A|0|1|0|0|0|2|2016-03-06 04:49:49|2016-03-06 04:49:31|121.447930|31.229275|0.0|325.0|8|000
23358|A|0|0|0|0|0|1|2016-03-06 04:49:48|2016-03-06 04:49:30|121.467198|31.219932|0.0|17.0|4|001|A|0|1|1|0|0|2|2016-03-06 04:49:51|2016-03-06 04:49:32|121.467205|31.219933|0.0|17.0|4|000
12806|A|0|0|5|0|0|1|2016-03-06 01:20:09|2016-03-06 01:19:31|121.527775|31.234532|0.0|126.0|7|000|A|0|1|1|0|0|2|2016-03-06 04:50:02|2016-03-06 04:49:43|121.550165|31.247335|0.0|332.0|6|000
23590|A|0|0|0|0|0|1|2016-03-06 04:45:41|2016-03-06 04:45:23|121.453280|31.231003|34.5|53.0|8|029|A|0|1|1|0|0|2|2016-03-06 04:50:14|2016-03-06 04:49:56|121.441217|31.221590|11.1|215.0|10|011
20640|A|0|0|0|0|0|1|2016-03-06 04:50:18|2016-03-06 04:49:57|121.429427|31.348500|6.7|244.0|9|006|A|0|1|1|0|0|2|2016-03-06 04:50:19|2016-03-06 04:49:59|121.429392|31.348485|7.4|245.0|9|007
25868|A|0|0|0|0|0|1|2016-03-06 04:35:23|2016-03-06 04:35:02|121.000000|31.285238|21.8|195.0|9|013|A|0|1|1|0|1|2|2016-03-06 04:50:50|2016-03-06 04:50:32|121.483878|31.255482|2.1|33.0|8|001
20535|A|0|0|0|0|0|1|2016-03-06 04:34:02|2016-03-06 04:33:44|121.387330|31.236338|9.3|197.0|9|007|A|0|1|1|0|1|2|2016-03-06 04:50:55|2016-03-06 04:50:37|121.342143|31.196022|3.5|184.0|6|000
26715|A|0|0|0|0|0|1|2016-03-06 01:56:57|2016-03-06 01:56:39|121.481400|31.349447|7.3|341.0|8|004|A|0|1|1|0|0|2|2016-03-06 04:51:01|2016-03-06 04:50:43|121.379250|31.219168|0.0|282.0|4|000
17338|A|0|0|0|0|0|1|2016-03-06 04:39:05|2016-03-06 04:38:41|121.481292|31.305395|0.0|349.0|7|000|A|0|1|1|0|0|2|2016-03-06 04:51:04|2016-03-06 04:50:46|121.473622|31.322365|56.0|158.0|4|056-
26035|A|0|0|0|0|0|1|2016-03-06 04:31:04|2016-03-06 04:30:46|121.475740|31.226763|6.8|320.0|7|000|A|0|1|1|0|0|2|2016-03-06 04:51:08|2016-03-06 04:50:50|121.526173|31.286633|22.9|328.0|7|026
26081|A|0|0|2|0|0|1|2016-03-06 04:26:26|2016-03-06 04:26:04|121.552915|31.245210|23.5|128.0|8|022|A|0|1|1|0|0|2|2016-03-06 04:51:29|2016-03-06 04:51:11|121.423705|31.169652|7.5|270.0|8|004
26443|A|0|0|0|0|0|1|2016-03-06 04:47:52|2016-03-06 04:47:34|121.419367|31.251980|19.9|149.0|10|014|A|0|1|1|0|0|2|2016-03-06 04:51:44|2016-03-06 04:51:26|121.429938|31.244085|0.0|166.0|7|000
26180|A|0|0|0|0|0|1|2016-03-06 04:29:44|2016-03-06 04:29:26|121.442238|31.326357|33.3|247.0|7|031|A|0|1|1|0|1|2|2016-03-06 04:51:48|2016-03-06 04:51:28|121.528718|31.263095|0.0|283.0|6|000
25729|A|0|0|0|0|0|1|2016-03-06 04:38:33|2016-03-06 04:38:15|121.462605|31.320982|18.5|76.0|8|016|A|0|1|1|0|0|2|2016-03-06 04:51:51|2016-03-06 04:51:33|121.402717|31.294708|30.0|182.0|6|031
26180|A|0|0|0|0|1|1|2016-03-06 04:51:50|2016-03-06 04:51:31|121.528718|31.263095|0.0|283.0|9|000|A|0|1|1|0|1|2|2016-03-06 04:51:52|2016-03-06 04:51:33|121.528718|31.263095|0.0|283.0|9|000
26013|A|0|0|0|0|0|1|2016-03-06 04:35:27|2016-03-06 04:35:09|121.448335|31.235778|28.2|150.0|6|028|A|0|1|1|0|1|2|2016-03-06 04:51:57|2016-03-06 04:51:39|121.423530|31.192475|0.0|44.0|7|000
25943|A|0|0|1|0|0|1|2016-03-06 04:45:11|2016-03-06 04:44:52|121.121992|31.148922|52.7|1.0|11|052|A|0|1|1|0|1|2|2016-03-06 04:52:07|2016-03-06 04:51:49|121.152600|31.168047|0.0|88.0|10|000
20648|A|0|0|0|0|0|1|2016-03-06 04:45:41|2016-03-06 04:45:23|121.481430|31.278027|21.2|50.0|9|020|A|0|1|1|0|1|2|2016-03-06 04:52:09|2016-03-06 04:51:51|121.481785|31.304332|0.0|348.0|8|001
17216|A|0|0|0|0|0|1|2016-03-06 04:48:26|2016-03-06 04:47:36|121.534328|31.309747|40.0|50.0|8|040|A|0|1|1|0|0|2|2016-03-06 04:52:12|2016-03-06 04:51:54|121.568608|31.305412|48.0|96.0|5|050
25812|A|0|0|0|0|0|1|2016-03-06 04:30:41|2016-03-06 04:30:23|121.438690|31.238158|7.4|129.0|5|000|A|0|1|1|0|1|2|2016-03-06 04:52:13|2016-03-06 04:51:55|121.401227|31.261912|0.0|152.0|5|000
26337|A|0|0|0|0|0|1|2016-03-06 04:42:58|2016-03-06 04:42:40|121.432785|31.205467|0.0|45.0|9|000|A|0|1|1|0|0|2|2016-03-06 04:52:19|2016-03-06 04:52:01|121.436523|31.230582|0.0|333.0|9|000
23423|A|0|0|0|0|0|1|2016-03-06 04:35:31|2016-03-06 04:35:13|121.446758|31.233717|48.2|64.0|9|047|A|0|1|1|0|0|2|2016-03-06 04:52:29|2016-03-06 04:52:11|121.316368|31.194948|0.0|266.0|10|000
20582|A|0|0|0|0|0|1|2016-03-06 04:42:39|2016-03-06 04:42:21|121.391532|31.142017|20.2|164.0|10|020|A|0|1|1|0|1|2|2016-03-06 04:52:34|2016-03-06 04:50:44|121.382148|31.151717|0.0|246.0|10|000
26422|A|0|0|0|0|0|1|2016-03-06 04:48:37|2016-03-06 04:44:55|121.330817|31.139435|0.0|337.0|11|000|A|0|1|1|0|0|2|2016-03-06 04:52:54|2016-03-06 04:49:18|121.330345|31.149448|20.4|28.0|10|017
23531|A|0|0|0|0|0|1|2016-03-06 04:50:02|2016-03-06 04:49:43|121.435113|31.240150|13.9|323.0|7|012|A|0|1|1|0|0|2|2016-03-06 04:53:03|2016-03-06 04:52:45|121.433332|31.248038|0.0|338.0|6|000
30021|A|0|0|0|0|0|1|2016-03-06 04:38:34|2016-03-06 04:38:16|121.540187|31.208457|14.5|149.0|10|010|A|0|1|1|0|0|2|2016-03-06 04:53:10|2016-03-06 04:52:17|121.577955|31.180318|48.5|167.0|10|049
26258|A|0|0|0|0|0|1|2016-03-06 04:29:20|2016-03-06 04:29:02|121.445993|31.187395|7.7|266.0|7|006|A|0|1|1|0|0|2|2016-03-06 04:53:17|2016-03-06 04:52:59|121.316432|31.196842|0.0|350.0|7|000
23759|A|0|0|0|0|0|1|2016-03-06 04:44:55|2016-03-06 04:44:37|121.442353|31.207043|19.2|215.0|9|015|A|0|1|1|0|0|2|2016-03-06 04:53:22|2016-03-06 04:53:04|121.439510|31.225988|15.4|113.0|7|012
23920|A|0|0|5|0|0|1|2016-03-06 04:42:05|2016-03-06 04:41:40|121.493325|31.278370|0.0|276.0|8|000|A|0|1|5|0|0|2|2016-03-06 04:53:26|2016-03-06 04:53:07|121.533760|31.273498|31.6|280.0|7|016
23804|A|0|0|0|0|0|1|2016-03-06 04:53:26|2016-03-06 04:53:08|121.538463|31.179893|55.8|344.0|11|055|A|0|1|1|0|0|2|2016-03-06 04:53:30|2016-03-06 04:53:12|121.538290|31.180415|53.9|343.0|12|054
26186|A|0|0|V|0|0|1|2016-03-06 04:35:24|2016-03-06 04:35:05|121.490062|31.372798|23.3|241.0|0|000|A|0|1|1|0|0|2|2016-03-06 04:53:41|2016-03-06 04:53:23|121.462402|31.336805|43.9|177.0|4|011
26065|A|0|0|1|0|0|1|2016-03-06 04:49:51|2016-03-06 04:46:56|121.301520|31.151328|8.2|63.0|11|008|A|0|1|0|0|0|2|2016-03-06 04:54:08|2016-03-06 04:53:49|121.317265|31.157913|15.9|153.0|11|016
23669|A|0|0|0|0|0|1|2016-03-06 04:23:18|2016-03-06 04:22:59|121.527532|31.307323|24.2|203.0|7|019|A|0|1|1|0|1|2|2016-03-06 04:54:10|2016-03-06 04:53:52|121.562530|31.320493|0.0|3.0|9|000
25900|A|0|0|0|0|0|1|2016-03-06 04:28:24|2016-03-06 04:28:06|121.513673|31.231398|13.3|329.0|5|004|A|0|1|0|0|1|2|2016-03-06 04:54:13|2016-03-06 04:53:54|121.431045|31.243142|0.0|191.0|5|000
28573|A|0|0|5|0|0|1|2016-03-06 04:54:16|2016-03-06 04:53:54|121.509443|31.197545|0.0|182.0|9|000|A|0|1|5|0|0|2|2016-03-06 04:54:16|2016-03-06 04:53:44|121.509443|31.197545|0.0|182.0|8|000
25900|A|0|0|1|0|1|1|2016-03-06 04:54:14|2016-03-06 04:53:55|121.431045|31.243142|0.0|191.0|5|000|A|0|1|1|0|1|2|2016-03-06 04:54:20|2016-03-06 04:53:59|121.431045|31.243142|0.0|191.0|7|000
26266|A|0|0|0|0|0|1|2016-03-06 04:42:43|2016-03-06 04:42:25|121.435685|31.239375|26.6|151.0|6|026|A|0|1|0|0|1|2|2016-03-06 04:54:41|2016-03-06 04:54:23|121.474672|31.236127|0.0|97.0|6|000
23917|A|0|0|0|0|0|1|2016-03-06 04:54:52|2016-03-06 04:54:33|121.419360|31.296785|0.0|249.0|12|000|A|0|1|0|0|0|2|2016-03-06 04:54:55|2016-03-06 04:54:37|121.419360|31.296785|0.0|249.0|12|000
18149|A|0|0|0|0|0|1|2016-03-06 02:41:57|2016-03-06 02:41:16|121.401122|31.276122|0.0|355.0|8|000|A|0|1|1|0|0|2|2016-03-06 04:54:57|2016-03-06 04:54:25|121.426818|31.254870|24.3|151.0|10|022
26152|A|0|0|0|0|0|1|2016-03-06 04:35:46|2016-03-06 04:35:28|121.354577|31.143730|16.3|149.0|12|017|A|0|1|1|0|1|2|2016-03-06 04:54:58|2016-03-06 04:54:38|121.396870|31.098502|0.0|348.0|11|000
26186|A|0|0|0|0|0|1|2016-03-06 04:55:02|2016-03-06 04:54:44|121.462715|31.331620|0.0|21.0|3|000|A|0|1|1|0|0|2|2016-03-06 04:55:04|2016-03-06 04:54:46|121.462715|31.331620|0.0|291.0|3|000
26246|A|0|0|0|0|0|1|2016-03-06 04:37:01|2016-03-06 04:36:42|121.473710|31.227015|13.0|63.0|7|013-|A|0|1|1|0|0|2|2016-03-06 04:55:07|2016-03-06 04:54:49|121.492825|31.304328|0.0|175.0|5|000
23582|A|0|0|0|0|0|1|2016-03-06 04:27:06|2016-03-06 04:26:48|121.477272|31.231923|22.8|149.0|7|022|A|0|1|1|0|0|2|2016-03-06 04:55:15|2016-03-06 04:54:57|121.345455|31.214342|20.2|342.0|10|020
26100|A|0|0|0|0|0|1|2016-03-06 04:30:23|2016-03-06 04:30:05|121.476637|31.225847|20.4|338.0|9|018|A|0|1|1|0|0|2|2016-03-06 04:55:15|2016-03-06 04:54:57|121.478752|31.306433|0.0|317.0|9|000
23582|A|0|0|0|0|0|1|2016-03-06 04:55:16|2016-03-06 04:54:58|121.345440|31.214393|20.7|344.0|9|020|A|0|1|1|0|0|2|2016-03-06 04:55:18|2016-03-06 04:55:00|121.345403|31.214483|18.9|342.0|11|018
26024|A|0|0|1|0|0|1|2016-03-06 04:52:07|2016-03-06 04:51:48|121.526480|31.168677|0.0|245.0|10|001|A|0|1|1|0|0|2|2016-03-06 04:55:32|2016-03-06 04:55:14|121.518113|31.166192|2.5|250.0|11|002
13135|A|0|0|0|0|1|1|2016-03-06 04:43:01|2016-03-06 04:42:42|121.420978|31.238470|40.2|309.0|4|042|A|0|1|1|0|1|2|2016-03-06 04:55:35|2016-03-06 04:55:17|121.411303|31.240243|0.0|265.0|3|004
23901|A|0|0|0|0|0|1|2016-03-06 03:58:58|2016-03-06 03:58:39|121.522795|31.326857|17.9|270.0|10|019|A|0|1|1|0|0|2|2016-03-06 04:55:43|2016-03-06 04:55:25|121.320347|31.197173|51.9|87.0|10|057
26003|A|0|0|0|0|0|1|2016-03-06 02:53:29|2016-03-06 02:52:48|121.451033|31.343122|0.0|128.0|7|000|A|0|1|1|0|0|2|2016-03-06 04:55:48|2016-03-06 04:55:30|121.451113|31.343102|0.0|352.0|8|000
20573|A|0|0|0|0|0|1|2016-03-06 04:39:40|2016-03-06 04:39:21|121.431267|31.338498|0.0|269.0|7|000|A|0|1|1|0|1|2|2016-03-06 04:55:53|2016-03-06 04:55:31|121.486792|31.281135|1.9|112.0|8|003
23391|A|0|0|0|0|0|1|2016-03-06 04:33:26|2016-03-06 04:33:08|121.462420|31.209038|14.5|327.0|9|012|A|0|1|1|0|0|2|2016-03-06 04:56:17|2016-03-06 04:55:59|121.432063|31.221250|4.9|347.0|8|005
25802|A|0|0|0|0|0|1|2016-03-06 04:48:39|2016-03-06 04:48:21|121.507568|31.304380|8.2|50.0|10|007|A|0|1|1|0|0|2|2016-03-06 04:56:21|2016-03-06 04:56:02|121.523988|31.277358|7.1|302.0|10|007
23521|A|0|0|0|0|0|1|2016-03-06 04:33:03|2016-03-06 04:32:36|121.256605|31.011303|2.0|79.0|9|000|A|0|1|1|0|0|2|2016-03-06 04:56:38|2016-03-06 04:56:19|121.363195|30.993102|0.0|233.0|9|000
23794|A|0|0|1|0|0|1|2016-03-06 04:27:46|2016-03-06 04:26:51|121.476487|31.228958|19.3|250.0|5|012|A|0|1|1|0|0|2|2016-03-06 04:56:40|2016-03-06 04:56:21|121.457865|31.233788|23.9|261.0|5|007
23351|A|0|0|0|0|0|1|2016-03-06 04:33:35|2016-03-06 04:33:17|121.475463|31.226483|6.2|36.0|6|000|A|0|1|1|0|0|2|2016-03-06 04:56:45|2016-03-06 04:56:27|121.504943|31.299267|37.1|146.0|8|032
20597|A|0|0|0|0|0|1|2016-03-06 04:40:38|2016-03-06 04:38:51|121.515567|31.243653|23.2|267.0|9|016|A|0|1|1|0|1|2|2016-03-06 04:56:47|2016-03-06 04:56:29|121.316733|31.195105|9.0|266.0|9|018
20561|A|0|0|0|0|1|1|2016-03-06 04:52:12|2016-03-06 04:51:54|121.414732|31.358930|0.0|307.0|9|000|A|0|1|5|0|0|2|2016-03-06 04:56:47|2016-03-06 04:56:29|121.401708|31.353058|0.0|161.0|7|000
20591|A|0|0|0|0|0|1|2016-03-06 04:46:07|2016-03-06 04:45:48|121.400542|31.309507|20.5|86.0|8|018|A|0|1|1|0|1|2|2016-03-06 04:56:50|2016-03-06 04:56:32|121.452443|31.274562|0.0|352.0|5|000
26008|A|0|0|0|0|0|1|2016-03-06 04:38:49|2016-03-06 04:38:31|121.492662|31.263612|20.9|301.0|9|020|A|0|1|0|0|0|2|2016-03-06 04:56:58|2016-03-06 04:56:39|121.422883|31.303697|0.0|252.0|8|000
23553|A|0|0|0|0|0|1|2016-03-06 04:52:20|2016-03-06 04:51:58|121.446808|31.230880|22.9|15.0|6|015|A|0|1|1|0|0|2|2016-03-06 04:57:02|2016-03-06 04:56:43|121.469122|31.235642|7.1|230.0|4|000
00082|A|0|0|0|0|0|1|2016-03-06 00:37:23|2016-03-06 00:37:01|121.621195|31.223888|56.0|2.0|7|056-|A|0|1|1|0|0|2|2016-03-06 04:57:05|2016-03-06 04:56:47|121.619330|31.242918|0.0|284.0|6|000
23445|A|0|0|0|0|0|1|2016-03-06 04:36:26|2016-03-06 04:36:08|121.682098|31.199723|19.5|168.0|11|019|A|0|1|1|0|0|2|2016-03-06 04:57:17|2016-03-06 04:56:59|121.803465|31.154102|0.0|355.0|8|000
25962|A|0|0|5|0|0|1|2016-03-06 00:52:06|2016-03-06 00:51:38|121.537430|31.291267|0.0|216.0|8|000|A|0|1|5|0|0|2|2016-03-06 04:57:22|2016-03-06 04:57:04|121.537490|31.291275|0.0|216.0|9|000
26039|A|0|0|0|0|0|1|2016-03-06 04:45:42|2016-03-06 04:45:24|121.321275|31.129262|25.8|60.0|11|020|A|0|1|0|0|0|2|2016-03-06 04:57:29|2016-03-06 04:57:10|121.316337|31.194963|0.0|267.0|9|000
23358|A|0|0|0|0|0|1|2016-03-06 04:50:04|2016-03-06 04:49:46|121.467288|31.220205|16.9|20.0|5|016|A|0|1|1|0|0|2|2016-03-06 04:57:33|2016-03-06 04:57:15|121.449370|31.212012|0.0|161.0|8|000
26236|A|0|0|0|0|0|1|2016-03-06 04:57:10|2016-03-06 04:56:52|121.431543|31.260300|0.0|212.0|7|000|A|0|1|5|0|0|2|2016-03-06 04:57:39|2016-03-06 04:57:21|121.431543|31.260300|0.0|212.0|6|000
23630|A|0|0|0|0|0|1|2016-03-06 04:36:27|2016-03-06 04:36:09|121.497557|31.146433|9.9|50.0|10|010|A|0|1|1|0|0|2|2016-03-06 04:57:41|2016-03-06 04:57:23|121.501567|31.148043|0.0|249.0|11|000
26131|A|0|0|0|0|0|1|2016-03-06 04:34:09|2016-03-06 04:33:51|121.472550|31.217127|7.3|72.0|8|006|A|0|1|1|0|0|2|2016-03-06 04:57:55|2016-03-06 04:57:37|121.353220|31.203017|0.0|86.0|11|000
25924|A|0|0|0|0|0|1|2016-03-06 04:45:32|2016-03-06 04:45:14|121.265602|31.088590|0.0|359.0|10|000|A|0|1|0|0|1|2|2016-03-06 04:57:55|2016-03-06 04:51:55|121.311305|31.092643|0.0|171.0|9|000
26401|A|0|0|0|0|0|1|2016-03-06 04:24:42|2016-03-06 04:24:24|121.432170|31.241790|12.6|207.0|8|007|A|0|1|1|0|0|2|2016-03-06 04:57:56|2016-03-06 04:57:38|121.347938|31.185298|0.0|63.0|6|000
27411|A|0|0|0|0|0|1|2016-03-06 04:53:33|2016-03-06 04:53:15|121.480000|31.236578|14.5|170.0|10|012|A|0|1|1|0|0|2|2016-03-06 04:58:41|2016-03-06 04:58:23|121.472745|31.205748|61.1|64.0|10|059
20540|A|0|0|5|0|0|1|2016-03-06 01:25:43|2016-03-06 01:25:07|121.467445|31.338472|0.0|71.0|7|000|A|0|1|5|0|0|2|2016-03-06 04:58:55|2016-03-06 04:58:33|121.485700|31.346285|0.0|68.0|7|000
20158|A|0|0|V|0|0|1|2016-03-06 04:31:33|2010-01-01|121.482137|31.270963|8.0|0.0|0|000|A|0|1|1|0|0|2|2016-03-06 04:59:09|2016-03-06 04:40:40|121.506687|31.293292|0.0|199.0|8|000
25718|A|0|0|1|0|0|1|2016-03-06 04:56:08|2016-03-06 04:55:50|121.514892|31.306267|11.0|179.0|7|011-|A|0|1|0|0|0|2|2016-03-06 04:59:11|2016-03-06 04:58:53|121.527637|31.305780|0.0|179.0|6|000
26006|A|0|0|0|0|1|1|2016-03-06 04:59:22|2016-03-06 04:59:04|121.472510|31.254518|0.0|163.0|4|000|A|0|1|1|0|0|2|2016-03-06 04:59:25|2016-03-06 04:59:06|121.472510|31.254518|0.0|163.0|5|000
23401|A|0|0|0|0|0|1|2016-03-06 04:52:09|2016-03-06 04:51:50|121.447715|31.217800|19.5|34.0|7|016|A|0|1|1|0|0|2|2016-03-06 04:59:33|2016-03-06 04:59:15|121.474720|31.226740|0.0|161.0|7|000
26443|A|0|0|0|0|0|1|2016-03-06 04:53:31|2016-03-06 04:53:13|121.431873|31.239608|21.0|125.0|6|022|A|0|1|1|0|0|2|2016-03-06 04:59:43|2016-03-06 04:59:25|121.441242|31.243123|0.0|68.0|9|000
26310|A|0|0|0|0|0|1|2016-03-06 04:55:51|2016-03-06 04:55:33|121.425830|31.322707|9.1|86.0|6|004|A|0|1|1|0|0|2|2016-03-06 04:59:43|2016-03-06 04:59:25|121.442140|31.321510|0.0|249.0|7|000
25746|A|0|0|0|0|0|1|2016-03-06 04:53:35|2016-03-06 04:53:17|121.447185|31.230365|15.7|313.0|4|007|A|0|1|1|0|0|2|2016-03-06 04:59:47|2016-03-06 04:59:29|121.423323|31.226658|8.5|354.0|8|007
26310|A|0|0|0|0|0|1|2016-03-06 04:59:44|2016-03-06 04:59:26|121.442140|31.321510|0.0|249.0|7|000|A|0|1|1|0|0|2|2016-03-06 04:59:48|2016-03-06 04:59:29|121.442140|31.321510|0.0|249.0|7|000
23808|A|0|0|2|0|0|1|2016-03-06 03:28:41|2016-03-06 03:28:19|121.550552|31.255730|5.4|32.0|8|004|A|0|1|1|0|0|2|2016-03-06 04:59:52|2016-03-06 04:59:34|121.524688|31.276413|0.0|43.0|10|000
