23309|A|0|0|0|0|0|1|2016-03-02 03:53:26|2016-03-02 03:53:11|121.445692|31.226302|15.4|146.0|6|005|A|0|1|1|0|0|2|2016-03-02 04:00:09|2016-03-02 03:59:54|121.439688|31.219070|0.0|248.0|6|000
23781|A|0|0|0|0|0|1|2016-03-02 03:55:22|2016-03-02 03:55:07|121.458900|31.273037|17.8|280.0|9|017|A|0|1|1|0|0|2|2016-03-02 04:00:17|2016-03-02 04:00:02|121.444930|31.283583|0.0|137.0|6|000
20621|A|0|0|0|0|0|1|2016-03-02 04:00:08|2016-03-02 03:59:53|121.464627|31.253388|0.0|167.0|10|000|A|0|1|1|0|0|2|2016-03-02 04:00:18|2016-03-02 04:00:03|121.464627|31.253388|0.0|167.0|10|000
17351|A|0|0|0|0|0|1|2016-03-02 04:00:44|2016-03-02 03:59:04|121.455005|31.187820|17.3|215.0|8|017|A|0|1|5|0|0|2|2016-03-02 04:00:44|2016-03-02 03:58:51|121.454798|31.188397|17.7|161.0|7|016
20695|A|0|0|0|0|0|1|2016-03-02 03:58:45|2016-03-02 03:58:30|121.471772|31.223195|10.8|125.0|8|000|A|0|1|0|0|1|2|2016-03-02 04:00:46|2016-03-02 04:00:30|121.473123|31.220310|0.0|80.0|5|000
23571|A|0|0|0|0|0|1|2016-03-02 03:50:53|2016-03-02 03:50:37|121.506948|31.308420|33.7|83.0|10|030|A|0|1|0|0|1|2|2016-03-02 04:00:59|2016-03-02 04:00:43|121.506320|31.280333|0.0|239.0|8|000
23687|A|0|0|0|0|0|1|2016-03-02 03:53:43|2016-03-02 03:53:28|121.428632|31.283435|16.9|218.0|8|017|A|0|1|1|0|1|2|2016-03-02 04:01:07|2016-03-02 04:00:52|121.449852|31.272968|0.0|133.0|8|000
23413|A|0|0|2|0|0|1|2016-03-02 03:53:12|2016-03-02 03:52:54|121.441183|31.337235|15.7|336.0|8|014|A|0|1|1|0|0|2|2016-03-02 04:01:07|2016-03-02 04:00:52|121.441170|31.337267|0.0|155.0|7|000
23413|A|0|0|0|0|0|1|2016-03-02 04:01:10|2016-03-02 04:00:54|121.441170|31.337267|0.0|155.0|8|000|A|0|1|1|0|0|2|2016-03-02 04:01:10|2016-03-02 04:00:55|121.441170|31.337267|0.0|155.0|8|000
23390|A|0|0|0|0|0|1|2016-03-02 03:45:50|2016-03-02 03:45:35|121.354160|31.396840|21.8|171.0|10|022|A|0|1|1|0|0|2|2016-03-02 04:01:26|2016-03-02 04:01:10|121.351687|31.353710|32.4|247.0|10|032
23920|A|0|0|0|0|0|1|2016-03-02 04:01:31|2016-03-02 04:01:16|121.471862|31.323958|0.0|347.0|3|000|A|0|1|5|0|0|2|2016-03-02 04:01:33|2016-03-02 04:01:18|121.471862|31.323958|0.0|347.0|3|000
26216|A|0|0|0|0|0|1|2016-03-02 03:38:31|2016-03-02 03:38:16|121.471775|31.223747|9.2|88.0|9|000|A|0|1|1|0|1|2|2016-03-02 04:01:38|2016-03-02 04:01:23|121.491062|31.264520|0.0|296.0|10|000
23547|A|0|0|0|0|0|1|2016-03-02 03:46:09|2016-03-02 03:45:54|121.360117|31.251307|7.9|303.0|9|003|A|0|1|5|0|0|2|2016-03-02 04:01:47|2016-03-02 04:01:32|121.362977|31.239342|0.0|297.0|9|000
26100|A|0|0|0|0|0|1|2016-03-02 03:49:14|2016-03-02 03:48:59|121.476810|31.225495|15.4|351.0|8|000|A|0|1|1|0|0|2|2016-03-02 04:01:55|2016-03-02 04:01:40|121.456260|31.267697|0.0|65.0|9|000
25697|A|0|0|0|0|0|1|2016-03-02 03:50:55|2016-03-02 03:50:40|121.525242|31.304332|14.0|64.0|9|014-|A|0|1|1|0|0|2|2016-03-02 04:02:02|2016-03-02 04:01:47|121.551857|31.279772|0.0|80.0|10|000
13361|A|0|0|0|0|1|1|2016-03-02 04:02:09|2016-03-02 03:56:05|121.382743|31.208150|35.9|359.0|8|037|A|0|1|1|0|1|2|2016-03-02 04:02:09|2016-03-02 03:56:25|121.382715|31.208417|0.0|3.0|7|000
23747|A|0|0|2|0|0|1|2016-03-02 03:39:14|2016-03-02 03:38:55|121.410710|31.221353|20.9|211.0|9|020|A|0|1|1|0|0|2|2016-03-02 04:02:10|2016-03-02 04:01:54|121.514817|31.227995|3.6|157.0|9|004
25863|A|0|0|0|0|1|1|2016-03-02 03:58:44|2016-03-02 03:58:28|121.428555|31.245000|17.8|325.0|10|016|A|0|1|1|0|1|2|2016-03-02 04:02:14|2016-03-02 04:01:58|121.421523|31.243210|3.1|245.0|9|000
23377|A|0|0|0|0|0|1|2016-03-02 03:49:04|2016-03-02 03:48:40|121.464215|31.326458|15.4|103.0|9|012|A|0|1|1|0|0|2|2016-03-02 04:02:14|2016-03-02 04:01:59|121.526530|31.326857|0.0|91.0|9|000
26355|A|0|0|0|0|0|1|2016-03-02 03:40:44|2016-03-02 03:40:28|121.454703|31.232113|15.9|71.0|8|010|A|0|1|1|0|0|2|2016-03-02 04:02:17|2016-03-02 04:02:02|121.577553|31.256922|0.0|347.0|9|000
23377|A|0|0|0|0|0|1|2016-03-02 04:02:20|2016-03-02 04:02:00|121.526530|31.326857|0.0|91.0|9|000|A|0|1|1|0|0|2|2016-03-02 04:02:20|2016-03-02 04:02:01|121.526530|31.326860|0.0|91.0|9|000
23857|A|0|0|0|0|0|1|2016-03-02 03:52:20|2016-03-02 03:52:04|121.436255|31.238503|20.5|337.0|4|020|A|0|1|1|0|0|2|2016-03-02 04:02:37|2016-03-02 04:02:21|121.411368|31.254372|0.0|170.0|4|004
25735|A|0|0|0|0|0|1|2016-03-02 03:42:26|2016-03-02 03:42:11|121.438672|31.238207|7.1|148.0|6|007|A|0|1|1|0|0|2|2016-03-02 04:02:38|2016-03-02 04:02:23|121.419403|31.284323|0.0|277.0|7|000
20158|A|0|0|0|0|0|1|2016-03-02 04:03:02|2016-03-02 04:02:27|121.481422|31.236523|4.0|245.0|8|032|A|0|1|1|0|0|2|2016-03-02 04:03:02|2016-03-02 04:02:11|121.482758|31.236903|1.0|260.0|9|002
25923|A|0|0|1|0|0|1|2016-03-02 03:09:30|2016-03-02 03:09:14|121.469652|31.220502|8.0|8.0|8|004|A|0|1|1|0|1|2|2016-03-02 04:03:16|2016-03-02 04:03:01|121.491412|31.329675|6.5|66.0|7|006
23886|A|0|0|0|0|0|1|2016-03-02 03:54:47|2016-03-02 03:54:32|121.701278|31.191657|24.2|162.0|8|022|A|0|1|1|0|0|2|2016-03-02 04:03:20|2016-03-02 04:03:05|121.738025|31.174633|0.0|126.0|9|000
25746|A|0|0|2|0|0|1|2016-03-02 03:48:07|2016-03-02 03:47:52|121.445405|31.227897|8.2|149.0|6|008|A|0|1|1|0|0|2|2016-03-02 04:03:21|2016-03-02 04:03:06|121.492972|31.273053|0.0|269.0|6|000
26270|A|0|0|0|0|0|1|2016-03-02 03:58:46|2016-03-02 03:58:31|121.431272|31.239675|10.7|166.0|9|008|A|0|1|0|0|0|2|2016-03-02 04:03:26|2016-03-02 04:03:10|121.436887|31.237132|0.0|163.0|9|000
25835|A|0|0|0|0|0|1|2016-03-02 03:54:02|2016-03-02 03:53:47|121.470170|31.285837|19.2|75.0|9|015|A|0|1|1|0|1|2|2016-03-02 04:03:46|2016-03-02 04:03:31|121.505420|31.272940|0.0|153.0|7|000
23638|A|0|0|0|0|0|1|2016-03-02 03:37:14|2016-03-02 03:36:36|121.310393|31.151670|24.5|337.0|8|022|A|0|1|0|0|0|2|2016-03-02 04:03:56|2016-03-02 04:03:41|121.478292|31.234168|0.0|354.0|8|000
26337|A|0|0|0|0|0|1|2016-03-02 03:40:59|2016-03-02 03:40:44|121.469890|31.220950|6.0|1.0|9|005|A|0|1|1|0|0|2|2016-03-02 04:04:28|2016-03-02 04:04:13|121.571098|31.159137|0.0|122.0|8|000
26373|A|0|0|0|0|0|1|2016-03-02 03:46:02|2016-03-02 03:45:47|121.506138|31.292010|25.4|24.0|7|025|A|0|1|1|0|0|2|2016-03-02 04:04:30|2016-03-02 04:04:11|121.587213|31.328888|0.0|90.0|7|000
18366|A|0|0|0|0|0|1|2016-03-02 04:03:54|2016-03-02 04:02:41|121.489900|31.222198|50.0|0.0|0|050|A|0|1|1|0|0|2|2016-03-02 04:04:34|2016-03-02 04:03:22|121.489600|31.221398|50.0|0.0|0|050
23391|A|0|0|0|0|0|1|2016-03-02 04:02:39|2016-03-02 04:02:24|121.460397|31.201238|17.8|226.0|6|014|A|0|1|1|0|0|2|2016-03-02 04:04:39|2016-03-02 04:04:24|121.460082|31.196413|0.0|89.0|8|000
26356|A|0|0|0|0|0|1|2016-03-02 00:36:15|2016-03-02 00:36:00|121.455260|31.332403|0.0|180.0|9|000|A|0|1|5|0|0|2|2016-03-02 04:04:51|2016-03-02 04:04:36|121.455362|31.332340|0.0|180.0|9|000
26389|A|0|0|0|0|0|1|2016-03-02 03:48:16|2016-03-02 03:48:01|121.432385|31.239135|25.7|124.0|4|027|A|0|1|1|0|0|2|2016-03-02 04:05:14|2016-03-02 04:04:52|121.430465|31.204103|0.0|211.0|4|005
26152|A|0|0|0|0|0|1|2016-03-02 03:45:23|2016-03-02 03:45:08|121.391562|31.085062|30.4|245.0|10|029|A|0|1|1|0|1|2|2016-03-02 04:05:22|2016-03-02 04:05:07|121.315075|31.128338|0.0|268.0|9|000
25881|A|0|0|0|0|0|1|2016-03-02 03:59:48|2016-03-02 03:59:33|121.418072|31.175643|13.3|159.0|7|010|A|0|1|1|0|1|2|2016-03-02 04:05:22|2016-03-02 04:05:07|121.440147|31.182062|0.0|115.0|7|000
20629|A|0|0|0|0|0|1|2016-03-02 03:54:20|2016-03-02 03:54:05|121.470888|31.180803|12.2|254.0|7|011|A|0|1|1|0|0|2|2016-03-02 04:05:41|2016-03-02 04:05:26|121.446860|31.158898|0.0|225.0|5|000
25943|A|0|0|0|0|0|1|2016-03-02 03:48:24|2016-03-02 03:48:09|121.457930|31.232892|0.0|262.0|10|000|A|0|1|1|0|1|2|2016-03-02 04:05:42|2016-03-02 04:05:27|121.523217|31.279750|0.0|159.0|9|000
25943|A|0|0|0|0|1|1|2016-03-02 04:05:45|2016-03-02 04:05:29|121.523217|31.279750|0.0|159.0|9|000|A|0|1|1|0|1|2|2016-03-02 04:05:46|2016-03-02 04:05:31|121.523217|31.279750|0.0|159.0|9|000
17202|A|0|0|0|0|0|1|2016-03-02 04:05:49|2016-03-02 04:01:52|121.450875|31.248898|24.0|143.0|8|023|A|0|1|V|0|0|2|2016-03-02 04:05:49|2016-03-02 03:46:19|121.450780|31.250022|18.0|117.0|0|018-
25865|A|0|0|0|0|0|1|2016-03-02 03:58:18|2016-03-02 03:58:02|121.433618|31.251817|11.7|183.0|6|009|A|0|1|1|0|0|2|2016-03-02 04:05:51|2016-03-02 04:05:36|121.450840|31.246697|0.0|212.0|5|000
25712|A|0|0|0|0|0|1|2016-03-02 03:41:21|2016-03-02 03:41:06|121.382507|31.179100|21.2|71.0|7|012|A|0|1|1|0|0|2|2016-03-02 04:06:28|2016-03-02 04:06:12|121.388392|31.166268|7.1|333.0|9|000
23431|A|0|0|0|0|0|1|2016-03-02 03:52:45|2016-03-02 03:52:30|121.517868|31.237203|18.9|152.0|7|019|A|0|1|1|0|1|2|2016-03-02 04:07:32|2016-03-02 04:07:17|121.548383|31.190392|0.0|174.0|8|000
25816|A|0|0|1|0|0|1|2016-03-02 04:07:36|2016-03-02 04:07:14|121.409388|31.353873|0.0|222.0|8|000|A|0|1|1|0|0|2|2016-03-02 04:07:40|2016-03-02 04:07:24|121.409388|31.353873|0.0|222.0|8|000
26246|A|0|0|0|0|0|1|2016-03-02 04:03:24|2016-03-02 04:03:08|121.514958|31.312028|20.0|358.0|6|020-|A|0|1|1|0|0|2|2016-03-02 04:08:15|2016-03-02 04:08:00|121.526008|31.320263|0.0|142.0|7|000
14628|A|0|0|0|0|0|1|2016-03-02 03:55:08|2016-03-02 03:54:53|121.597240|31.277058|28.2|0.0|9|027|A|0|1|1|0|0|2|2016-03-02 04:08:17|2016-03-02 04:07:29|121.647782|31.271325|0.0|170.0|9|000
26356|A|0|0|0|0|0|1|2016-03-02 04:08:23|2016-03-02 04:08:08|121.455342|31.330302|28.2|183.0|7|028|A|0|1|5|0|0|2|2016-03-02 04:08:24|2016-03-02 04:08:09|121.455335|31.330233|27.6|182.0|7|027
20612|A|0|0|1|0|0|1|2016-03-02 03:53:46|2016-03-02 03:53:31|121.437092|31.186560|21.6|209.0|9|020|A|0|1|1|0|0|2|2016-03-02 04:08:24|2016-03-02 04:08:09|121.415833|31.226308|0.0|80.0|8|000
25747|A|0|0|0|0|0|1|2016-03-02 04:01:51|2016-03-02 04:01:36|121.434385|31.244363|22.8|115.0|10|022|A|0|1|1|0|0|2|2016-03-02 04:08:26|2016-03-02 04:08:11|121.458522|31.225652|0.0|104.0|8|000
23383|A|0|0|0|0|0|1|2016-03-02 04:01:31|2016-03-02 04:01:15|121.450772|31.249063|24.0|155.0|6|020|A|0|1|1|0|0|2|2016-03-02 04:08:30|2016-03-02 04:08:15|121.439988|31.238183|2.2|163.0|8|000
10913|A|0|0|0|1|0|1|2016-03-02 04:08:40|2016-03-02 04:07:44|121.514650|31.211530|15.1|8.0|8|012|A|0|1|0|1|1|2|2016-03-02 04:08:40|2016-03-02 04:08:10|121.514477|31.211757|0.0|301.0|9|000
25922|A|0|0|1|0|0|1|2016-03-02 03:54:14|2016-03-02 03:53:58|121.241853|31.014718|9.7|286.0|8|010|A|0|1|1|0|0|2|2016-03-02 04:08:56|2016-03-02 04:08:41|121.241183|31.014920|0.0|295.0|8|000
26127|A|0|0|0|0|0|1|2016-03-02 03:40:56|2016-03-02 03:40:40|121.391433|31.142315|4.4|136.0|9|003|A|0|1|0|0|0|2|2016-03-02 04:09:01|2016-03-02 04:08:46|121.438558|31.055015|0.0|113.0|9|000
26097|A|0|0|0|0|0|1|2016-03-02 04:04:53|2016-03-02 04:04:38|121.451312|31.332995|29.0|262.0|9|027|A|0|1|0|1|0|2|2016-03-02 04:09:28|2016-03-02 04:09:13|121.436058|31.322523|15.1|355.0|10|015
23450|A|0|0|0|0|0|1|2016-03-02 03:58:40|2016-03-02 03:58:25|121.434545|31.246755|18.7|140.0|7|016|A|0|1|1|0|0|2|2016-03-02 04:09:31|2016-03-02 04:09:16|121.463935|31.263563|0.0|54.0|7|000
18422|A|0|0|0|0|0|1|2016-03-02 00:13:01|2016-03-02 00:12:46|121.426387|31.237288|12.0|181.0|8|008|A|0|1|0|0|0|2|2016-03-02 04:09:33|2016-03-02 04:09:12|121.382692|31.206575|0.0|7.0|8|000
20554|A|0|0|5|0|0|1|2016-03-02 04:01:33|2016-03-02 04:01:17|121.431907|31.330610|20.0|62.0|8|018|A|0|1|5|0|1|2|2016-03-02 04:09:37|2016-03-02 04:09:14|121.469840|31.339277|0.0|70.0|8|000
26288|A|0|0|0|0|0|1|2016-03-02 03:44:37|2016-03-02 03:44:22|121.515330|31.211028|27.3|288.0|10|027|A|0|1|1|0|0|2|2016-03-02 04:10:07|2016-03-02 04:09:51|121.452728|31.247560|0.0|156.0|8|000
26288|A|0|0|0|0|0|1|2016-03-02 04:10:09|2016-03-02 04:09:53|121.452728|31.247560|0.0|156.0|8|000|A|0|1|1|0|0|2|2016-03-02 04:10:10|2016-03-02 04:09:55|121.452728|31.247560|0.0|156.0|7|000
20587|A|0|0|0|0|0|1|2016-03-02 03:39:13|2016-03-02 03:38:58|121.471688|31.223743|6.2|64.0|7|006|A|0|1|0|0|0|2|2016-03-02 04:10:26|2016-03-02 04:10:01|121.478507|31.301730|0.0|157.0|8|000
20587|A|0|0|0|0|0|1|2016-03-02 04:10:26|2016-03-02 04:09:51|121.478507|31.301730|0.0|157.0|8|000|A|0|1|1|0|0|2|2016-03-02 04:10:27|2016-03-02 04:10:11|121.478507|31.301730|0.0|157.0|7|000
26022|A|0|0|0|0|0|1|2016-03-02 03:10:28|2016-03-02 03:10:13|121.501532|31.084585|13.2|310.0|7|000|A|0|1|1|0|0|2|2016-03-02 04:10:31|2016-03-02 04:10:16|121.517472|31.064400|51.3|71.0|4|053
26401|A|0|0|2|0|0|1|2016-03-02 03:56:49|2016-03-02 03:56:32|121.432477|31.241592|12.6|216.0|7|000|A|0|1|1|0|0|2|2016-03-02 04:10:44|2016-03-02 04:10:27|121.459560|31.269072|0.0|31.0|6|000
23677|A|0|0|0|0|0|1|2016-03-02 04:07:08|2016-03-02 04:06:53|121.533682|31.326878|27.3|273.0|7|023|A|0|1|1|0|0|2|2016-03-02 04:10:54|2016-03-02 04:10:39|121.526488|31.314430|36.3|268.0|7|035
20566|A|0|0|0|0|0|1|2016-03-02 03:58:45|2016-03-02 03:58:30|121.527448|31.330595|27.6|94.0|9|026|A|0|1|1|0|0|2|2016-03-02 04:10:55|2016-03-02 04:10:40|121.503225|31.305058|2.9|236.0|8|000
23693|A|0|0|0|0|0|1|2016-03-02 04:08:33|2016-03-02 04:08:18|121.470957|31.225218|25.9|339.0|6|025|A|0|1|0|0|0|2|2016-03-02 04:10:58|2016-03-02 04:10:42|121.478828|31.229690|6.9|153.0|7|005
23682|A|0|0|0|0|0|1|2016-03-02 03:54:18|2016-03-02 03:54:03|121.533717|31.330672|27.2|358.0|6|028|A|0|1|1|0|0|2|2016-03-02 04:11:03|2016-03-02 04:10:43|121.438917|31.370922|0.0|273.0|7|000
23693|A|0|0|0|0|0|1|2016-03-02 04:11:01|2016-03-02 04:10:46|121.478880|31.229618|9.8|147.0|8|009|A|0|1|1|0|0|2|2016-03-02 04:11:04|2016-03-02 04:10:49|121.478925|31.229550|11.3|150.0|9|011
21633|A|0|0|1|0|0|1|2016-03-02 04:11:08|2016-03-02 04:04:10|121.533342|31.211927|24.1|194.0|8|022|A|0|1|1|0|0|2|2016-03-02 04:11:08|2016-03-02 04:03:49|121.533458|31.212265|0.0|199.0|9|000
20604|A|0|0|3|0|0|1|2016-03-02 04:03:19|2016-03-02 04:03:04|121.525005|31.338417|16.6|334.0|10|016|A|0|1|3|0|0|2|2016-03-02 04:11:10|2016-03-02 04:10:54|121.490190|31.345488|0.0|289.0|10|000
26308|A|0|0|0|0|0|1|2016-03-02 04:07:31|2016-03-02 04:07:16|121.451578|31.232523|13.8|253.0|8|013|A|0|1|1|0|0|2|2016-03-02 04:11:20|2016-03-02 04:11:05|121.439400|31.239463|2.7|334.0|7|000
23390|A|0|0|0|0|0|1|2016-03-02 04:06:43|2016-03-02 04:06:28|121.350860|31.348907|0.0|157.0|9|000|A|0|1|1|0|0|2|2016-03-02 04:11:20|2016-03-02 04:11:05|121.364465|31.350755|20.7|64.0|9|020
23793|A|0|0|0|0|0|1|2016-03-02 03:59:17|2016-03-02 03:59:02|121.406243|31.232915|15.9|71.0|8|014|A|0|1|1|0|0|2|2016-03-02 04:11:33|2016-03-02 04:11:18|121.362255|31.243887|0.0|306.0|8|000
26066|A|0|0|0|0|0|1|2016-03-02 03:34:07|2016-03-02 03:33:52|121.430160|31.352715|34.3|348.0|9|034|A|0|1|5|0|0|2|2016-03-02 04:11:33|2016-03-02 04:11:18|121.400423|31.352945|0.0|211.0|9|000
26220|A|0|0|0|0|0|1|2016-03-02 04:03:49|2016-03-02 04:03:34|121.492718|31.256995|15.2|43.0|10|015|A|0|1|1|0|1|2|2016-03-02 04:11:46|2016-03-02 04:11:31|121.524085|31.277367|0.0|314.0|10|000
25053|A|0|0|1|0|0|1|2016-03-02 04:11:58|2016-03-02 04:05:17|121.386780|31.205458|29.8|144.0|4|021|A|0|1|1|0|0|2|2016-03-02 04:11:58|2016-03-02 04:04:53|121.384782|31.205560|17.1|100.0|6|007
23602|A|0|0|0|0|0|1|2016-03-02 03:42:55|2016-03-02 03:42:40|121.505675|31.291470|13.5|197.0|7|012|A|0|1|1|0|0|2|2016-03-02 04:11:59|2016-03-02 04:11:44|121.380233|31.213898|2.7|12.0|7|001
23772|A|0|0|0|0|0|1|2016-03-02 03:50:42|2016-03-02 03:50:27|121.476538|31.228980|9.9|132.0|6|010|A|0|1|1|0|0|2|2016-03-02 04:12:01|2016-03-02 04:11:46|121.433777|31.170825|0.0|39.0|6|000
26153|A|0|0|0|0|0|1|2016-03-02 04:08:06|2016-03-02 04:07:51|121.446342|31.331348|28.4|69.0|8|023|A|0|1|1|0|0|2|2016-03-02 04:12:05|2016-03-02 04:11:50|121.457677|31.322115|0.0|87.0|9|000
23874|A|0|0|0|0|0|1|2016-03-02 04:05:08|2016-03-02 04:04:53|121.448592|31.249667|16.2|258.0|7|011|A|0|1|1|0|0|2|2016-03-02 04:12:11|2016-03-02 04:11:55|121.424162|31.234272|6.6|213.0|9|009
23592|A|0|0|2|0|0|1|2016-03-02 03:56:49|2016-03-02 03:56:25|121.387192|31.233487|24.4|242.0|6|021|A|0|1|1|0|0|2|2016-03-02 04:12:18|2016-03-02 04:12:03|121.342143|31.195665|0.0|93.0|5|000
23757|A|0|0|0|0|0|1|2016-03-02 04:09:21|2016-03-02 04:09:06|121.474068|31.277613|12.7|294.0|10|012|A|0|1|1|0|0|2|2016-03-02 04:12:20|2016-03-02 04:12:05|121.459550|31.263895|0.0|251.0|10|000
20772|A|0|0|0|0|0|1|2016-03-02 04:12:22|2016-03-02 04:10:33|121.403990|31.360517|0.0|67.0|10|000|A|0|1|1|0|0|2|2016-03-02 04:12:22|2016-03-02 04:10:11|121.403990|31.360517|0.0|67.0|9|000
25690|A|0|0|0|0|0|1|2016-03-02 03:53:25|2016-03-02 03:53:10|121.476230|31.276058|10.2|29.0|9|000|A|0|1|3|0|0|2|2016-03-02 04:12:23|2016-03-02 04:12:07|121.342085|31.195932|0.0|193.0|7|000
28624|A|0|0|0|0|0|1|2016-03-02 04:12:42|2016-03-02 03:52:50|121.562553|31.150968|0.0|303.0|9|000|A|0|1|5|0|0|2|2016-03-02 04:12:45|2016-03-02 04:08:37|121.561042|31.155263|1.0|341.0|8|000
20586|A|0|0|0|0|0|1|2016-03-02 04:06:42|2016-03-02 04:06:27|121.479558|31.229130|21.2|34.0|8|020|A|0|1|1|0|1|2|2016-03-02 04:14:04|2016-03-02 04:13:45|121.483242|31.249100|0.0|64.0|4|000
26169|A|0|0|0|0|0|1|2016-03-02 03:40:10|2016-03-02 03:39:55|121.446285|31.235648|14.7|298.0|8|014|A|0|1|0|1|1|2|2016-03-02 04:14:10|2016-03-02 04:13:54|121.536543|31.308740|15.7|165.0|8|017
23522|A|0|0|0|0|0|1|2016-03-02 03:59:27|2016-03-02 03:59:12|121.524100|31.128307|2.6|289.0|10|000|A|0|1|1|0|0|2|2016-03-02 04:14:21|2016-03-02 04:14:05|121.544123|31.167962|0.0|148.0|11|000
23722|A|0|0|0|0|1|1|2016-03-02 03:56:32|2016-03-02 03:56:16|121.469940|31.220918|1.9|350.0|9|001|A|0|1|1|0|1|2|2016-03-02 04:14:28|2016-03-02 04:14:13|121.432543|31.232795|0.0|60.0|9|000
25734|A|0|0|0|0|0|1|2016-03-02 04:09:58|2016-03-02 04:09:43|121.446673|31.291353|26.7|348.0|7|024|A|0|1|0|0|0|2|2016-03-02 04:14:36|2016-03-02 04:14:20|121.438185|31.307132|5.4|286.0|8|004
25840|A|0|0|0|0|0|1|2016-03-02 03:57:27|2016-03-02 03:57:12|121.499883|31.280963|18.8|298.0|9|015|A|0|1|1|0|1|2|2016-03-02 04:14:44|2016-03-02 04:14:28|121.437487|31.242012|2.1|117.0|9|000
26313|A|0|0|0|0|0|1|2016-03-02 03:32:07|2016-03-02 03:31:52|121.477462|31.198763|6.9|340.0|8|005|A|0|1|1|0|0|2|2016-03-02 04:14:53|2016-03-02 04:14:38|121.230863|31.049573|0.0|186.0|6|000
26238|A|0|0|1|0|0|1|2016-03-02 03:46:51|2016-03-02 03:46:36|121.359797|31.182990|17.4|345.0|7|016|A|0|1|1|0|0|2|2016-03-02 04:15:35|2016-03-02 04:15:20|121.422587|31.272413|0.0|317.0|8|000
20695|A|0|0|2|0|0|1|2016-03-02 04:08:01|2016-03-02 04:07:39|121.483518|31.213917|14.4|70.0|7|015|A|0|1|1|0|0|2|2016-03-02 04:15:52|2016-03-02 04:15:37|121.475100|31.213512|46.2|346.0|7|045
23630|A|0|0|0|0|0|1|2016-03-02 04:00:01|2016-03-02 03:59:45|121.501858|31.270808|10.3|182.0|9|012|A|0|1|1|0|0|2|2016-03-02 04:16:01|2016-03-02 04:15:46|121.462653|31.244403|0.0|169.0|7|000
23508|A|0|0|0|0|0|1|2016-03-02 04:15:58|2016-03-02 04:15:43|121.458583|31.228380|6.6|349.0|4|006|A|0|1|1|0|0|2|2016-03-02 04:16:04|2016-03-02 04:15:49|121.458562|31.228483|11.2|358.0|4|010
23508|A|0|0|0|0|0|1|2016-03-02 04:16:07|2016-03-02 04:15:51|121.458550|31.228552|13.4|355.0|5|012|A|0|1|1|0|0|2|2016-03-02 04:16:15|2016-03-02 04:16:00|121.458537|31.228800|9.8|354.0|4|010
26443|A|0|0|0|0|0|1|2016-03-02 01:51:18|2016-03-02 01:51:02|121.404318|31.354805|0.0|171.0|4|000|A|0|1|5|0|0|2|2016-03-02 04:16:26|2016-03-02 04:16:11|121.404308|31.354930|0.0|50.0|7|000
26225|A|0|0|1|0|0|1|2016-03-02 04:14:57|2016-03-02 04:14:42|121.431980|31.239680|9.1|289.0|7|005|A|0|1|1|0|1|2|2016-03-02 04:16:35|2016-03-02 04:16:20|121.439707|31.245107|0.0|349.0|6|000
14313|A|0|0|5|0|0|1|2016-03-02 04:15:14|2016-03-02 04:14:41|121.438710|31.327672|13.0|32.0|9|012|A|0|1|0|0|0|2|2016-03-02 04:16:49|2016-03-02 04:16:11|121.435820|31.327260|34.0|247.0|8|033
23611|A|0|0|0|0|0|1|2016-03-02 03:55:33|2016-03-02 03:55:18|121.427115|31.254255|13.2|334.0|7|012|A|0|1|1|0|0|2|2016-03-02 04:16:58|2016-03-02 04:16:43|121.343307|31.292382|0.0|283.0|8|000
23508|A|0|0|0|0|0|1|2016-03-02 04:16:29|2016-03-02 04:16:13|121.458678|31.229020|9.9|62.0|6|009|A|0|1|1|0|0|2|2016-03-02 04:17:33|2016-03-02 04:17:18|121.458805|31.229082|0.0|243.0|5|000
23593|A|0|0|0|0|0|1|2016-03-02 04:09:44|2016-03-02 04:09:29|121.575748|31.258948|12.1|121.0|10|012|A|0|1|1|0|1|2|2016-03-02 04:17:34|2016-03-02 04:17:19|121.544453|31.245675|0.0|111.0|8|000
23759|A|0|0|0|0|0|1|2016-03-02 04:14:01|2016-03-02 04:13:45|121.450038|31.247933|25.1|260.0|7|021|A|0|1|1|0|0|2|2016-03-02 04:17:50|2016-03-02 04:17:34|121.448248|31.254353|0.0|99.0|7|000
25708|A|0|0|0|0|0|1|2016-03-02 04:06:57|2016-03-02 04:06:41|121.415098|31.267107|12.0|273.0|9|012-|A|0|1|1|0|0|2|2016-03-02 04:18:11|2016-03-02 04:17:51|121.393693|31.240907|21.0|107.0|7|021-
25719|A|0|0|0|0|0|1|2016-03-02 03:07:06|2016-03-02 03:06:51|121.514320|31.207987|17.3|26.0|7|014|A|0|1|1|0|0|2|2016-03-02 04:18:18|2016-03-02 04:18:03|121.514817|31.208045|0.0|111.0|7|000
25712|A|0|0|0|0|0|1|2016-03-02 04:11:40|2016-03-02 04:11:24|121.386475|31.172007|13.5|265.0|9|007|A|0|1|1|0|0|2|2016-03-02 04:18:37|2016-03-02 04:18:21|121.422595|31.174925|6.9|60.0|6|013
26209|A|0|0|0|0|0|1|2016-03-02 04:08:08|2016-03-02 04:07:53|121.447473|31.275920|15.2|143.0|8|013|A|0|1|1|0|0|2|2016-03-02 04:18:37|2016-03-02 04:18:22|121.443732|31.242563|0.0|144.0|7|000
26064|A|0|0|0|0|0|1|2016-03-02 04:18:37|2016-03-02 04:18:22|121.447485|31.219547|20.9|338.0|10|019|A|0|1|1|0|0|2|2016-03-02 04:18:40|2016-03-02 04:18:25|121.447415|31.219677|15.9|336.0|10|017
23417|A|0|0|0|0|0|1|2016-03-02 04:08:07|2016-03-02 04:07:52|121.687803|31.194538|0.0|154.0|7|000|A|0|1|1|0|0|2|2016-03-02 04:18:47|2016-03-02 04:18:32|121.688085|31.142590|2.4|251.0|7|000
25746|A|0|0|1|0|0|1|2016-03-02 04:11:20|2016-03-02 04:11:04|121.482683|31.264878|12.9|111.0|9|011|A|0|1|1|0|0|2|2016-03-02 04:18:53|2016-03-02 04:18:38|121.503835|31.287603|0.0|169.0|8|000
23377|A|0|0|0|0|0|1|2016-03-02 04:04:27|2016-03-02 04:04:12|121.521333|31.329320|15.9|356.0|9|014|A|0|1|1|0|0|2|2016-03-02 04:19:16|2016-03-02 04:19:00|121.539463|31.288073|17.7|158.0|9|016
23786|A|0|0|0|0|0|1|2016-03-02 04:12:53|2016-03-02 04:12:37|121.235590|31.115523|16.5|249.0|8|017|A|0|1|1|0|0|2|2016-03-02 04:19:16|2016-03-02 04:19:01|121.244735|31.101550|0.0|305.0|10|000
26304|A|0|0|0|0|0|1|2016-03-02 04:02:42|2016-03-02 04:02:27|121.445267|31.223278|0.0|333.0|7|000|A|0|1|1|0|0|2|2016-03-02 04:19:17|2016-03-02 04:19:02|121.392828|31.167285|0.0|111.0|5|000
23786|A|0|0|0|0|0|1|2016-03-02 04:19:17|2016-03-02 04:19:02|121.244690|31.101553|5.7|305.0|9|005|A|0|1|1|0|0|2|2016-03-02 04:19:20|2016-03-02 04:19:04|121.244657|31.101562|7.2|281.0|8|007
25807|A|0|0|0|0|0|1|2016-03-02 03:50:55|2016-03-02 03:50:40|121.457638|31.232895|10.2|285.0|10|009|A|0|1|1|0|1|2|2016-03-02 04:19:22|2016-03-02 04:19:07|121.466283|31.290992|0.0|31.0|10|000
25943|A|0|0|0|0|0|1|2016-03-02 04:14:24|2016-03-02 04:14:09|121.501570|31.277508|9.0|202.0|9|008|A|0|1|1|0|1|2|2016-03-02 04:19:26|2016-03-02 04:19:11|121.512713|31.276510|0.0|153.0|9|000
25723|A|0|0|0|0|0|1|2016-03-02 04:13:47|2016-03-02 04:13:32|121.472023|31.247947|16.1|72.0|9|015|A|0|1|1|0|0|2|2016-03-02 04:19:41|2016-03-02 04:19:26|121.478515|31.258733|0.0|270.0|9|000
14655|A|0|0|0|0|0|1|2016-03-02 02:25:28|2016-03-02 02:25:12|121.411963|31.005592|0.0|159.0|9|000|A|0|1|1|0|0|2|2016-03-02 04:19:41|2016-03-02 04:19:26|121.412077|31.005503|0.0|159.0|9|000
26039|A|0|0|0|0|0|1|2016-03-02 04:08:34|2016-03-02 04:08:19|121.444522|31.213765|13.2|208.0|9|000|A|0|1|1|0|0|2|2016-03-02 04:20:17|2016-03-02 04:20:02|121.469262|31.239695|0.0|81.0|9|000
25808|A|0|0|0|0|0|1|2016-03-02 04:01:30|2016-03-02 04:01:15|121.449187|31.172115|21.9|296.0|8|022|A|0|1|1|0|0|2|2016-03-02 04:20:21|2016-03-02 04:20:06|121.394775|31.250255|14.5|93.0|8|015
20584|A|0|0|2|0|0|1|2016-03-02 03:59:09|2016-03-02 03:58:52|121.453472|31.198600|8.4|67.0|8|008|A|0|1|1|0|1|2|2016-03-02 04:20:27|2016-03-02 04:20:12|121.342113|31.195650|0.0|98.0|6|000
23901|A|0|0|0|0|0|1|2016-03-02 04:07:26|2016-03-02 04:07:11|121.519795|31.324525|19.5|78.0|9|019|A|0|1|1|0|0|2|2016-03-02 04:20:30|2016-03-02 04:20:15|121.541623|31.309247|0.0|200.0|9|000
23781|A|0|0|0|0|0|1|2016-03-02 04:12:06|2016-03-02 04:11:51|121.461303|31.274812|22.7|324.0|8|022|A|0|1|1|0|0|2|2016-03-02 04:20:31|2016-03-02 04:20:16|121.471688|31.296525|0.0|143.0|9|000
26401|A|0|0|0|0|0|1|2016-03-02 04:17:58|2016-03-02 04:17:43|121.464647|31.253772|28.8|167.0|5|027|A|0|1|1|0|0|2|2016-03-02 04:20:45|2016-03-02 04:20:30|121.473660|31.248353|33.0|50.0|7|031
18422|A|0|0|0|0|0|1|2016-03-02 04:11:03|2016-03-02 04:10:48|121.382700|31.207533|30.0|358.0|8|030|A|0|1|1|0|0|2|2016-03-02 04:21:01|2016-03-02 04:19:42|121.388165|31.181812|0.0|235.0|6|000
18422|A|0|0|0|0|0|1|2016-03-02 04:21:01|2016-03-02 04:19:33|121.388130|31.181805|0.0|235.0|8|000|A|0|1|1|0|0|2|2016-03-02 04:21:01|2016-03-02 04:20:22|121.388165|31.181812|0.0|235.0|6|000
26957|A|0|0|2|0|0|1|2016-03-02 04:21:10|2016-03-02 04:19:16|121.446618|31.174240|16.1|98.0|4|013|A|0|1|2|0|0|2|2016-03-02 04:21:10|2016-03-02 04:19:14|121.446560|31.174283|12.4|158.0|4|007
26140|A|0|0|0|0|1|1|2016-03-02 02:46:19|2016-03-02 02:46:04|121.490985|31.313360|0.0|132.0|10|000|A|0|1|1|0|0|2|2016-03-02 04:21:20|2016-03-02 04:21:05|121.490992|31.313362|0.0|132.0|6|000
16172|A|0|0|0|0|0|1|2016-03-02 01:00:43|2016-03-02 01:00:26|121.361392|31.388300|0.0|0.0|5|000|A|0|1|1|0|0|2|2016-03-02 04:21:22|2016-03-02 04:21:07|121.428570|31.249230|14.0|352.0|4|002
20615|A|0|0|0|0|0|1|2016-03-02 04:06:05|2016-03-02 04:05:50|121.355045|31.102198|0.0|263.0|10|000|A|0|1|1|0|0|2|2016-03-02 04:21:23|2016-03-02 04:21:08|121.313182|31.134817|0.0|153.0|10|000
20615|A|0|0|0|0|0|1|2016-03-02 04:21:27|2016-03-02 04:21:12|121.313182|31.134817|0.0|153.0|11|000|A|0|1|1|0|0|2|2016-03-02 04:21:30|2016-03-02 04:21:15|121.313182|31.134817|0.0|153.0|11|000
26397|A|0|0|0|0|0|1|2016-03-02 04:06:29|2016-03-02 04:06:14|121.433158|31.330843|10.4|154.0|7|009|A|0|1|5|0|0|2|2016-03-02 04:21:33|2016-03-02 04:21:18|121.392982|31.286723|38.9|202.0|7|039
23309|A|0|0|0|0|0|1|2016-03-02 04:07:06|2016-03-02 04:06:51|121.444553|31.213827|13.3|37.0|7|013|A|0|1|1|0|0|2|2016-03-02 04:21:48|2016-03-02 04:21:33|121.443720|31.253278|0.0|248.0|7|000
26076|A|0|0|1|0|0|1|2016-03-02 04:10:48|2016-03-02 04:10:33|121.439747|31.219012|10.9|47.0|7|009|A|0|1|1|0|0|2|2016-03-02 04:22:03|2016-03-02 04:21:47|121.456240|31.235697|0.0|162.0|7|000
20535|A|0|0|0|0|0|1|2016-03-02 04:03:31|2016-03-02 04:03:16|121.366545|31.294140|7.3|268.0|8|007|A|0|1|0|1|0|2|2016-03-02 04:22:05|2016-03-02 04:21:50|121.342138|31.196025|0.0|140.0|4|000
18097|A|0|0|0|0|1|1|2016-03-02 02:17:11|2016-03-02 02:09:53|121.474760|31.227423|13.6|288.0|8|008|A|0|1|1|0|1|2|2016-03-02 04:22:08|2016-03-02 04:21:24|121.299085|31.211372|0.0|228.0|10|000
23687|A|0|0|0|0|0|1|2016-03-02 04:06:03|2016-03-02 04:05:48|121.429142|31.277657|18.9|294.0|7|019|A|0|1|1|0|1|2|2016-03-02 04:22:09|2016-03-02 04:21:54|121.436015|31.259807|0.0|126.0|7|000
26072|A|0|0|0|0|0|1|2016-03-02 04:18:34|2016-03-02 04:18:19|121.442182|31.225695|16.6|241.0|5|009|A|0|1|1|0|0|2|2016-03-02 04:22:16|2016-03-02 04:22:01|121.437327|31.229892|0.0|330.0|4|000
23377|A|0|0|0|0|0|1|2016-03-02 04:20:12|2016-03-02 04:19:57|121.538943|31.288643|18.4|292.0|8|017|A|0|1|0|0|0|2|2016-03-02 04:22:32|2016-03-02 04:22:17|121.525383|31.287790|32.1|319.0|8|029
27288|A|0|0|2|0|0|1|2016-03-02 04:22:36|2016-03-02 04:21:36|121.424052|31.132482|14.1|77.0|9|013|A|0|1|2|0|0|2|2016-03-02 04:22:36|2016-03-02 04:21:26|121.423660|31.132475|12.6|83.0|9|012
23334|A|0|0|1|0|0|1|2016-03-02 04:14:28|2016-03-02 04:14:13|121.475078|31.228847|21.0|324.0|8|020|A|0|1|1|0|1|2|2016-03-02 04:22:47|2016-03-02 04:22:11|121.477695|31.251920|0.0|325.0|8|000
25780|A|0|0|0|0|0|1|2016-03-02 04:13:40|2016-03-02 04:13:25|121.475397|31.228655|13.2|288.0|7|013|A|0|1|1|0|1|2|2016-03-02 04:22:50|2016-03-02 04:22:35|121.462378|31.268408|0.0|338.0|8|000
23780|A|0|0|0|0|0|1|2016-03-02 04:20:48|2016-03-02 04:20:33|121.524167|31.320265|43.6|89.0|8|043|A|0|1|0|0|0|2|2016-03-02 04:22:53|2016-03-02 04:22:37|121.533863|31.323672|3.9|112.0|8|004
20530|A|0|0|0|0|0|1|2016-03-02 03:56:50|2016-03-02 03:56:35|121.399580|31.205662|27.9|72.0|5|026|A|0|1|1|0|1|2|2016-03-02 04:22:54|2016-03-02 04:22:39|121.484847|31.258700|0.0|82.0|7|000
23712|A|0|0|0|0|0|1|2016-03-02 04:22:19|2016-03-02 04:22:04|121.393580|31.172342|3.2|342.0|9|000|A|0|1|1|0|0|2|2016-03-02 04:23:04|2016-03-02 04:22:40|121.392532|31.173053|38.4|330.0|10|037
23712|A|0|0|0|0|0|1|2016-03-02 04:23:04|2016-03-02 04:22:42|121.392422|31.173222|39.5|332.0|9|037|A|0|1|1|0|0|2|2016-03-02 04:23:04|2016-03-02 04:22:46|121.392202|31.173582|40.4|332.0|9|040
15794|A|0|0|0|0|0|1|2016-03-02 04:00:06|2016-03-02 03:59:15|121.442860|31.193603|2.0|234.0|9|004|A|0|1|1|0|0|2|2016-03-02 04:23:10|2016-03-02 04:15:04|121.382792|31.101833|0.0|169.0|7|000
26152|A|0|0|2|0|0|1|2016-03-02 04:11:52|2016-03-02 04:11:29|121.330887|31.128422|26.4|330.0|9|025|A|0|1|1|0|1|2|2016-03-02 04:23:13|2016-03-02 04:22:58|121.354468|31.139568|0.0|68.0|9|000
25962|A|0|0|0|0|0|1|2016-03-02 04:21:15|2016-03-02 04:21:00|121.538788|31.288708|15.5|201.0|10|013|A|0|1|1|0|1|2|2016-03-02 04:23:26|2016-03-02 04:23:10|121.527460|31.283947|5.8|318.0|9|005
25961|A|0|0|0|0|0|1|2016-03-02 04:23:10|2016-03-02 04:22:55|121.445890|31.294263|0.0|224.0|8|000|A|0|1|1|0|0|2|2016-03-02 04:23:45|2016-03-02 04:23:30|121.445860|31.294217|0.0|91.0|7|000
23531|A|0|0|0|0|0|1|2016-03-02 03:59:35|2016-03-02 03:59:20|121.499088|31.261337|8.9|24.0|8|007|A|0|1|1|0|0|2|2016-03-02 04:23:56|2016-03-02 04:23:41|121.490840|31.273493|0.0|280.0|9|000
23460|A|0|0|0|0|0|1|2016-03-02 04:11:27|2016-03-02 04:11:12|121.469522|31.285872|0.0|269.0|6|010|A|0|1|1|0|0|2|2016-03-02 04:24:49|2016-03-02 04:24:33|121.513877|31.277525|0.0|353.0|7|000
20756|A|0|0|5|0|0|1|2016-03-02 03:31:36|2016-03-02 03:31:05|121.405822|31.359988|0.0|225.0|9|000|A|0|1|5|0|0|2|2016-03-02 04:25:07|2016-03-02 04:19:08|121.407342|31.361162|0.0|236.0|6|000
23344|A|0|0|1|0|0|1|2016-03-02 03:51:48|2016-03-02 03:51:32|121.477642|31.246727|24.5|169.0|9|024|A|0|1|1|0|0|2|2016-03-02 04:25:08|2016-03-02 04:24:53|121.294787|31.184315|0.0|251.0|10|000
26065|A|0|0|0|0|0|1|2016-03-02 04:18:33|2016-03-02 04:18:18|121.425343|31.276470|11.9|137.0|9|012|A|0|1|0|0|0|2|2016-03-02 04:25:14|2016-03-02 04:24:56|121.441342|31.259362|0.0|251.0|7|000
26131|A|0|0|0|0|0|1|2016-03-02 04:15:33|2016-03-02 04:15:18|121.531298|31.152157|23.3|252.0|11|021|A|0|1|1|0|1|2|2016-03-02 04:25:16|2016-03-02 04:25:01|121.509078|31.184612|0.0|158.0|9|000
23755|A|0|0|0|0|0|1|2016-03-02 04:15:23|2016-03-02 04:15:07|121.486102|31.309887|10.8|90.0|8|011|A|0|1|1|0|0|2|2016-03-02 04:25:31|2016-03-02 04:24:58|121.491747|31.311272|53.9|356.0|9|053
23320|A|0|0|0|0|0|1|2016-03-02 04:08:27|2016-03-02 04:08:12|121.483000|31.253052|9.6|61.0|7|008|A|0|1|1|0|0|2|2016-03-02 04:25:32|2016-03-02 04:25:17|121.447353|31.228042|13.2|107.0|5|012
14248|A|0|0|1|0|0|1|2016-03-02 04:25:42|2016-03-02 04:24:55|121.387360|31.202898|12.0|345.0|8|007|A|0|1|1|0|0|2|2016-03-02 04:25:42|2016-03-02 04:24:35|121.387392|31.202847|0.0|351.0|7|000
11421|A|0|0|0|0|0|1|2016-03-02 04:25:44|2016-03-02 04:25:10|121.301532|31.150060|0.0|66.0|9|000|A|0|1|1|0|0|2|2016-03-02 04:25:44|2016-03-02 04:25:27|121.301747|31.150145|17.9|64.0|9|014
10077|A|0|0|0|0|0|1|2016-03-02 01:09:01|2016-03-02 01:08:46|121.510835|31.268253|26.3|38.0|8|027|A|0|1|1|0|0|2|2016-03-02 04:26:16|2016-03-02 04:25:31|121.322028|31.197265|0.0|90.0|10|000
26030|A|0|0|0|0|0|1|2016-03-02 03:51:59|2016-03-02 03:51:44|121.442328|31.225233|15.6|241.0|7|014|A|0|1|0|0|1|2|2016-03-02 04:26:25|2016-03-02 04:26:09|121.505002|31.202492|0.0|237.0|6|000
23759|A|0|0|0|0|0|1|2016-03-02 04:19:38|2016-03-02 04:19:23|121.450942|31.253507|10.2|214.0|10|010|A|0|1|1|0|0|2|2016-03-02 04:26:39|2016-03-02 04:26:24|121.421095|31.280482|0.0|147.0|8|000
26013|A|0|0|2|0|0|1|2016-03-02 04:21:54|2016-03-02 04:21:37|121.217063|31.035808|10.9|151.0|10|011|A|0|1|1|0|1|2|2016-03-02 04:28:04|2016-03-02 04:27:49|121.244318|31.036865|0.0|338.0|8|000
26180|A|0|0|1|0|0|1|2016-03-02 04:23:36|2016-03-02 04:23:20|121.455428|31.315402|16.3|139.0|8|016|A|0|1|0|0|0|2|2016-03-02 04:28:45|2016-03-02 04:28:29|121.469900|31.325277|0.0|327.0|6|000
25216|A|0|0|0|0|0|1|2016-03-02 04:07:55|2016-03-02 04:07:40|121.212603|31.043407|11.7|144.0|4|016|A|0|1|1|0|0|2|2016-03-02 04:28:55|2016-03-02 04:28:39|121.251237|31.019702|0.0|2.0|4|000
23032|A|0|0|0|0|0|1|2016-03-02 04:11:57|2016-03-02 04:11:41|121.441807|31.340402|22.0|249.0|9|019|A|0|1|0|0|0|2|2016-03-02 04:28:56|2016-03-02 04:28:39|121.404872|31.225500|0.0|351.0|8|000
25697|A|0|0|0|0|0|1|2016-03-02 04:20:04|2016-03-02 04:19:49|121.508800|31.277082|0.0|38.0|9|005|A|0|1|1|0|0|2|2016-03-02 04:29:01|2016-03-02 04:28:45|121.541047|31.284077|0.0|167.0|8|000
26957|A|0|0|2|0|0|1|2016-03-02 04:21:10|2016-03-02 04:19:52|121.448292|31.178202|62.8|358.0|4|062|A|0|1|V|0|0|2|2016-03-02 04:29:03|2010-01-01|121.456680|31.067835|17.8|0.0|0|000
26100|A|0|0|0|0|0|1|2016-03-02 04:08:35|2016-03-02 04:08:20|121.470060|31.273933|18.4|131.0|10|016|A|0|1|1|0|0|2|2016-03-02 04:29:16|2016-03-02 04:29:01|121.482565|31.322347|0.0|97.0|9|000
25835|A|0|0|0|0|0|1|2016-03-02 04:24:13|2016-03-02 04:23:58|121.470188|31.285805|19.5|87.0|8|019|A|0|1|1|0|1|2|2016-03-02 04:29:21|2016-03-02 04:29:06|121.473183|31.301695|0.0|98.0|7|000
23383|A|0|0|0|0|0|1|2016-03-02 04:16:10|2016-03-02 04:15:55|121.452593|31.249193|14.7|132.0|9|008|A|0|1|1|0|0|2|2016-03-02 04:29:23|2016-03-02 04:29:07|121.484472|31.268153|29.6|326.0|9|027
18780|A|0|0|0|0|0|1|2016-03-02 03:14:07|2016-03-02 03:13:47|121.450497|31.249288|22.0|112.0|8|023|A|0|1|1|0|0|2|2016-03-02 04:29:35|2016-03-02 04:25:22|121.379012|31.142698|0.0|245.0|9|000
23857|A|0|0|0|0|0|1|2016-03-02 04:17:04|2016-03-02 04:16:49|121.447160|31.272243|11.8|65.0|7|010|A|0|1|1|0|0|2|2016-03-02 04:29:39|2016-03-02 04:29:24|121.461228|31.212468|16.0|331.0|3|016-
26140|A|0|0|0|0|0|1|2016-03-02 04:27:51|2016-03-02 04:27:36|121.485742|31.315643|23.6|357.0|11|018|A|0|1|1|0|1|2|2016-03-02 04:29:44|2016-03-02 04:29:28|121.484118|31.322443|0.0|268.0|8|000
26169|A|0|0|0|0|0|1|2016-03-02 04:28:47|2016-03-02 04:28:32|121.583267|31.255338|46.3|135.0|9|046|A|0|1|5|0|0|2|2016-03-02 04:29:50|2016-03-02 04:29:35|121.590550|31.248425|56.8|140.0|9|056
23351|A|0|0|0|0|0|1|2016-03-02 04:17:22|2016-03-02 04:17:07|121.443053|31.222898|6.3|72.0|5|000|A|0|1|1|0|1|2|2016-03-02 04:29:53|2016-03-02 04:29:38|121.416973|31.201985|0.0|152.0|4|000
23669|A|0|0|0|0|0|1|2016-03-02 04:23:57|2016-03-02 04:23:42|121.521492|31.283660|0.0|99.0|6|000|A|0|1|1|0|1|2|2016-03-02 04:30:01|2016-03-02 04:29:43|121.521400|31.270267|0.0|152.0|6|000
26973|A|0|0|0|0|0|1|2016-03-02 04:30:01|2016-03-02 04:15:27|121.423027|31.292648|15.2|171.0|9|011|A|0|1|1|0|0|2|2016-03-02 04:30:01|2016-03-02 04:14:58|121.423013|31.292763|0.0|186.0|10|000
23557|A|0|0|0|0|0|1|2016-03-02 04:06:10|2016-03-02 04:05:55|121.459283|31.246558|20.2|67.0|8|018|A|0|1|5|0|0|2|2016-03-02 04:30:02|2016-03-02 04:29:47|121.480363|31.221113|0.0|46.0|6|000
23557|A|0|0|0|0|0|1|2016-03-02 04:30:03|2016-03-02 04:29:48|121.480363|31.221113|0.0|46.0|6|000|A|0|1|5|0|0|2|2016-03-02 04:30:04|2016-03-02 04:29:49|121.480363|31.221113|0.0|46.0|6|000
23310|A|0|0|0|0|0|1|2016-03-02 04:30:08|2016-03-02 04:29:45|121.412258|31.358005|30.9|247.0|7|029|A|0|1|5|0|0|2|2016-03-02 04:30:08|2016-03-02 04:29:47|121.412098|31.357947|30.7|242.0|6|030
25785|A|0|0|0|0|0|1|2016-03-02 00:36:52|2016-03-02 00:36:37|121.483937|31.346612|0.0|334.0|7|000|A|0|1|5|0|0|2|2016-03-02 04:30:09|2016-03-02 04:29:53|121.483977|31.346520|0.0|261.0|7|000
26246|A|0|0|0|0|0|1|2016-03-02 04:10:05|2016-03-02 04:09:50|121.520998|31.320258|34.0|268.0|7|034-|A|0|1|1|0|0|2|2016-03-02 04:30:23|2016-03-02 04:30:08|121.451177|31.254530|0.0|96.0|6|000
17424|A|0|0|0|0|0|1|2016-03-02 04:30:31|2016-03-02 04:28:40|121.418497|31.415400|0.0|17.0|6|000|A|0|1|5|0|0|2|2016-03-02 04:30:31|2016-03-02 04:28:55|121.418497|31.415400|0.0|17.0|6|000
23772|A|0|0|0|0|0|1|2016-03-02 04:22:01|2016-03-02 04:21:45|121.432830|31.176173|9.4|240.0|6|007|A|0|1|1|0|0|2|2016-03-02 04:30:37|2016-03-02 04:30:22|121.496448|31.211087|32.6|37.0|5|041
26320|A|0|0|0|0|0|1|2016-03-02 04:15:35|2016-03-02 04:15:20|121.532782|31.063535|3.8|253.0|10|000|A|0|1|1|0|0|2|2016-03-02 04:30:41|2016-03-02 04:30:06|121.557050|31.123012|0.0|353.0|9|000
26312|A|0|0|0|0|0|1|2016-03-02 04:18:07|2016-03-02 04:17:52|121.401440|31.207005|14.2|147.0|4|011|A|0|1|1|0|0|2|2016-03-02 04:30:56|2016-03-02 04:30:23|121.360665|31.182645|0.0|253.0|9|000
26227|A|0|0|0|0|0|1|2016-03-02 04:06:56|2016-03-02 04:06:41|121.475192|31.228703|23.9|314.0|8|022|A|0|1|1|0|1|2|2016-03-02 04:31:04|2016-03-02 04:30:48|121.380380|31.193112|0.0|146.0|5|000
26129|A|0|0|0|0|0|1|2016-03-02 04:15:58|2016-03-02 04:15:43|121.518743|31.232125|19.2|67.0|10|017|A|0|1|1|0|0|2|2016-03-02 04:31:04|2016-03-02 04:30:49|121.592317|31.286610|0.0|93.0|9|000
23569|A|0|0|0|0|0|1|2016-03-02 04:01:57|2016-03-02 04:01:42|121.479520|31.265692|3.6|184.0|7|012|A|0|1|5|0|0|2|2016-03-02 04:31:23|2016-03-02 04:31:08|121.404178|31.148402|0.0|76.0|8|000
20596|A|0|0|0|0|0|1|2016-03-02 04:18:02|2016-03-02 04:17:47|121.487027|31.305858|10.7|242.0|5|006|A|0|1|0|0|0|2|2016-03-02 04:31:23|2016-03-02 04:31:07|121.444128|31.234497|2.2|243.0|4|000
25823|A|0|0|0|0|0|1|2016-03-02 04:23:32|2016-03-02 04:23:17|121.404723|31.245792|36.4|342.0|9|036|A|0|1|1|0|1|2|2016-03-02 04:31:36|2016-03-02 04:31:21|121.393418|31.240957|0.0|107.0|9|000
25780|A|0|0|0|0|0|1|2016-03-02 04:25:37|2016-03-02 04:25:22|121.461432|31.264707|20.7|303.0|6|007|A|0|1|1|0|1|2|2016-03-02 04:31:41|2016-03-02 04:31:26|121.433817|31.263565|2.0|34.0|8|000
00380|A|0|0|0|0|0|1|2016-03-02 04:31:47|2016-03-02 04:31:32|121.393392|31.341815|0.0|170.0|7|000|A|0|1|1|0|0|2|2016-03-02 04:31:53|2016-03-02 04:31:38|121.393392|31.341815|0.0|170.0|7|000
20533|A|0|0|0|0|0|1|2016-03-02 04:12:16|2016-03-02 04:12:01|121.474022|31.252017|21.1|72.0|8|021|A|0|1|1|0|0|2|2016-03-02 04:32:36|2016-03-02 04:32:18|121.316297|31.194988|0.0|261.0|10|000
23592|A|0|0|0|0|0|1|2016-03-02 04:32:37|2016-03-02 04:32:22|121.392407|31.230308|28.6|74.0|5|028|A|0|1|1|0|0|2|2016-03-02 04:32:39|2016-03-02 04:32:24|121.392558|31.230360|27.7|72.0|6|027
25900|A|0|0|1|0|0|1|2016-03-02 03:52:20|2016-03-02 03:52:05|121.518165|31.213493|17.1|192.0|7|015|A|0|1|1|0|1|2|2016-03-02 04:32:42|2016-03-02 04:32:27|121.511323|31.239098|0.0|342.0|5|000
26109|A|0|0|0|0|0|1|2016-03-02 04:28:54|2016-03-02 04:28:39|121.447662|31.219025|1.7|335.0|5|007|A|0|1|V|0|0|2|2016-03-02 04:32:42|2016-03-02 04:32:23|121.440777|31.214612|13.0|126.0|0|013-
11947|A|0|0|0|0|0|1|2016-03-02 04:32:06|2016-03-02 04:31:51|121.451105|31.117597|11.9|75.0|6|012|A|0|1|1|0|0|2|2016-03-02 04:33:19|2016-03-02 04:33:03|121.452175|31.118122|23.8|12.0|7|023
23333|A|0|0|0|0|0|1|2016-03-02 04:05:34|2016-03-02 04:05:19|121.478303|31.259968|18.6|2.0|10|012|A|0|1|1|0|1|2|2016-03-02 04:33:32|2016-03-02 04:33:16|121.490533|31.375992|0.0|66.0|9|000
25973|A|0|0|0|0|0|1|2016-03-02 03:55:03|2016-03-02 03:54:48|121.476738|31.225577|6.7|230.0|6|005|A|0|1|1|0|0|2|2016-03-02 04:33:36|2016-03-02 04:33:21|121.799500|31.152813|0.0|191.0|5|000
20332|A|0|0|0|0|0|1|2016-03-02 04:33:45|2016-03-02 04:27:26|121.446600|31.327588|0.0|219.0|10|000|A|0|1|1|0|0|2|2016-03-02 04:33:45|2016-03-02 04:28:48|121.446600|31.327588|0.0|219.0|11|000
20332|A|0|0|0|0|0|1|2016-03-02 04:33:45|2016-03-02 04:28:06|121.446600|31.327588|0.0|219.0|11|000|A|0|1|1|0|0|2|2016-03-02 04:33:45|2016-03-02 04:28:38|121.446600|31.327588|0.0|219.0|11|000
26081|A|0|0|0|0|0|1|2016-03-02 04:04:28|2016-03-02 04:04:13|121.585687|31.337340|11.9|143.0|9|012|A|0|1|1|0|0|2|2016-03-02 04:33:49|2016-03-02 04:33:34|121.431892|31.243037|0.0|167.0|8|000
23835|A|0|0|0|0|0|1|2016-03-02 04:21:57|2016-03-02 04:21:41|121.466680|31.202005|28.9|344.0|7|023|A|0|1|1|0|0|2|2016-03-02 04:34:07|2016-03-02 04:33:52|121.445037|31.260320|0.0|310.0|5|000
23547|A|0|0|0|0|0|1|2016-03-02 04:13:14|2016-03-02 04:12:59|121.360088|31.250683|6.9|203.0|8|006|A|0|1|5|0|0|2|2016-03-02 04:34:23|2016-03-02 04:34:08|121.308837|31.240378|0.0|95.0|7|000
25812|A|0|0|0|0|0|1|2016-03-02 04:17:38|2016-03-02 04:17:23|121.443245|31.222935|18.5|60.0|5|016|A|0|1|1|0|1|2|2016-03-02 04:34:57|2016-03-02 04:34:42|121.405205|31.218762|0.0|161.0|7|000
23302|A|0|0|0|0|0|1|2016-03-02 04:34:57|2016-03-02 04:34:42|121.435433|31.312298|0.0|276.0|10|000|A|0|1|5|0|0|2|2016-03-02 04:35:06|2016-03-02 04:34:51|121.435433|31.312297|0.0|276.0|10|000
25855|A|0|0|5|0|0|1|2016-03-02 04:27:41|2016-03-02 04:27:25|121.485507|31.331582|35.3|214.0|7|033|A|0|1|5|0|1|2|2016-03-02 04:35:11|2016-03-02 04:34:56|121.476897|31.309880|0.0|128.0|8|000
26304|A|0|0|0|0|0|1|2016-03-02 04:21:03|2016-03-02 04:20:47|121.392808|31.167272|7.2|140.0|9|000|A|0|1|1|0|0|2|2016-03-02 04:35:20|2016-03-02 04:35:05|121.434935|31.223837|0.0|64.0|9|000
26304|A|0|0|0|0|0|1|2016-03-02 04:35:21|2016-03-02 04:35:06|121.434935|31.223837|0.0|64.0|8|000|A|0|1|1|0|0|2|2016-03-02 04:35:23|2016-03-02 04:35:08|121.434935|31.223837|0.0|64.0|8|000
23633|A|0|0|0|0|0|1|2016-03-02 04:15:50|2016-03-02 04:15:35|121.432267|31.241662|6.6|200.0|5|006|A|0|1|1|0|0|2|2016-03-02 04:35:27|2016-03-02 04:35:11|121.512290|31.219833|0.0|150.0|7|000
26066|A|0|0|0|0|0|1|2016-03-02 04:33:02|2016-03-02 04:32:47|121.438450|31.323052|23.1|260.0|8|024|A|0|1|1|0|0|2|2016-03-02 04:35:45|2016-03-02 04:35:30|121.431815|31.333990|0.0|343.0|9|000
26097|A|0|0|0|0|0|1|2016-03-02 04:10:31|2016-03-02 04:10:15|121.441725|31.323252|26.1|95.0|4|006|A|0|1|0|0|1|2|2016-03-02 04:36:10|2016-03-02 04:35:54|121.475483|31.202487|0.0|196.0|8|000
26072|A|0|0|0|0|0|1|2016-03-02 04:32:11|2016-03-02 04:31:56|121.450930|31.223380|15.5|62.0|6|007|A|0|1|1|0|0|2|2016-03-02 04:36:14|2016-03-02 04:35:58|121.457538|31.229598|0.0|272.0|5|000
27739|A|0|0|0|0|0|1|2016-03-02 04:35:41|2016-03-02 04:15:39|121.408507|31.114768|0.0|81.0|8|000|A|0|1|0|0|0|2|2016-03-02 04:36:37|2016-03-02 04:29:09|121.408503|31.114775|0.0|81.0|8|000
26216|A|0|0|0|0|0|1|2016-03-02 04:10:27|2016-03-02 04:10:12|121.495837|31.268428|15.5|207.0|9|008|A|0|1|0|0|0|2|2016-03-02 04:36:38|2016-03-02 04:36:21|121.426525|31.166157|10.7|3.0|10|009
16595|A|0|0|0|0|0|1|2016-03-02 01:02:12|2016-03-02 00:56:22|121.441275|31.340127|0.0|0.0|7|000|A|0|1|1|0|0|2|2016-03-02 04:36:53|2016-03-02 04:35:35|121.441928|31.340450|32.0|66.0|10|031
10292|A|0|0|0|0|0|1|2016-03-02 04:33:44|2016-03-02 04:13:45|121.271030|31.237172|0.0|337.0|9|000|A|0|1|0|0|0|2|2016-03-02 04:37:15|2016-03-02 04:27:15|121.271040|31.237183|0.0|337.0|10|000
20615|A|0|0|0|0|0|1|2016-03-02 04:28:13|2016-03-02 04:27:58|121.313323|31.128185|0.0|85.0|10|000|A|0|1|1|0|0|2|2016-03-02 04:37:38|2016-03-02 04:37:23|121.353552|31.152932|3.6|355.0|10|003
20615|A|0|0|0|0|0|1|2016-03-02 04:37:41|2016-03-02 04:37:26|121.353547|31.152927|1.9|355.0|10|000|A|0|1|0|0|0|2|2016-03-02 04:37:47|2016-03-02 04:37:31|121.353470|31.152877|10.6|234.0|10|011
17008|A|0|0|0|0|0|1|2016-03-02 04:08:41|2016-03-02 04:08:16|121.477002|31.346935|5.8|208.0|9|027|A|0|1|1|0|1|2|2016-03-02 04:38:30|2016-03-02 04:37:34|121.487385|31.284377|0.0|285.0|5|000
25746|A|0|0|0|0|0|1|2016-03-02 04:22:59|2016-03-02 04:22:44|121.503663|31.287747|18.5|195.0|6|013|A|0|1|1|0|0|2|2016-03-02 04:38:40|2016-03-02 04:38:25|121.450455|31.254655|0.0|112.0|8|000
26356|A|0|0|2|0|0|1|2016-03-02 04:17:14|2016-03-02 04:16:59|121.449433|31.318205|15.0|260.0|7|011|A|0|1|1|0|0|2|2016-03-02 04:38:46|2016-03-02 04:38:31|121.447767|31.249862|32.2|327.0|6|026
23102|A|0|0|1|0|0|1|2016-03-02 04:30:22|2016-03-02 04:30:06|121.453327|31.235645|39.4|80.0|7|036|A|0|1|1|0|0|2|2016-03-02 04:39:35|2016-03-02 04:39:20|121.459728|31.268968|0.0|57.0|7|000
23632|A|0|0|0|0|0|1|2016-03-02 04:34:53|2016-03-02 04:34:38|121.426050|31.236158|8.8|31.0|5|007|A|0|1|1|0|0|2|2016-03-02 04:39:59|2016-03-02 04:39:44|121.431907|31.248270|0.0|278.0|3|000
23009|A|0|0|0|0|0|1|2016-03-02 04:16:56|2016-03-02 04:16:41|121.527395|31.283940|33.9|315.0|7|031|A|0|1|1|0|0|2|2016-03-02 04:40:04|2016-03-02 04:39:49|121.376743|31.207847|0.0|237.0|5|000
25808|A|0|0|0|0|0|1|2016-03-02 04:34:09|2016-03-02 04:33:54|121.436065|31.238767|20.8|148.0|6|020|A|0|1|1|0|0|2|2016-03-02 04:40:05|2016-03-02 04:39:50|121.437815|31.243545|0.0|66.0|4|000
20596|A|0|0|0|0|0|1|2016-03-02 04:36:24|2016-03-02 04:36:09|121.434317|31.241392|18.8|345.0|4|000|A|0|1|0|0|1|2|2016-03-02 04:40:07|2016-03-02 04:39:51|121.451538|31.249397|5.5|82.0|7|005
23901|A|0|0|0|0|0|1|2016-03-02 04:27:59|2016-03-02 04:27:44|121.527533|31.326583|15.3|177.0|8|015|A|0|1|1|0|0|2|2016-03-02 04:40:13|2016-03-02 04:39:57|121.529015|31.279697|0.0|244.0|8|000
25808|A|0|0|0|0|0|1|2016-03-02 04:40:13|2016-03-02 04:39:58|121.437815|31.243545|0.0|66.0|4|000|A|0|1|1|0|0|2|2016-03-02 04:40:16|2016-03-02 04:40:00|121.437815|31.243545|0.0|66.0|4|000
12835|A|0|0|5|0|0|1|2016-03-02 04:40:20|2016-03-02 04:39:36|121.524928|31.333648|0.0|133.0|8|000|A|0|1|5|0|0|2|2016-03-02 04:40:20|2016-03-02 04:39:26|121.524928|31.333648|0.0|133.0|7|000
25835|A|0|0|0|0|0|1|2016-03-02 04:38:24|2016-03-02 04:38:09|121.469907|31.285627|0.0|27.0|11|000|A|0|1|0|0|0|2|2016-03-02 04:40:24|2016-03-02 04:40:09|121.469920|31.285635|0.0|27.0|8|000
25719|A|0|0|0|0|0|1|2016-03-02 04:33:48|2016-03-02 04:33:31|121.482415|31.232583|30.8|344.0|8|029|A|0|1|1|0|0|2|2016-03-02 04:40:27|2016-03-02 04:40:12|121.478152|31.250317|0.0|249.0|10|000
17716|A|0|0|0|0|0|1|2016-03-02 00:15:40|2016-03-02 00:15:24|121.290047|31.026342|26.4|76.0|10|025|A|0|1|1|0|1|2|2016-03-02 04:40:31|2016-03-02 04:35:11|121.304938|31.064815|0.0|187.0|9|000
20554|A|0|0|0|0|0|1|2016-03-02 04:28:11|2016-03-02 04:27:56|121.443500|31.274737|27.4|230.0|8|023|A|0|1|0|0|0|2|2016-03-02 04:40:34|2016-03-02 04:40:16|121.402957|31.252792|0.0|254.0|10|000
26312|A|0|0|0|0|0|1|2016-03-02 04:32:42|2016-03-02 04:32:26|121.360890|31.182597|21.7|71.0|8|018|A|0|1|1|0|0|2|2016-03-02 04:40:51|2016-03-02 04:40:31|121.386375|31.210310|4.4|5.0|9|007
26389|A|0|0|0|0|0|1|2016-03-02 04:24:30|2016-03-02 04:24:15|121.445312|31.213645|0.0|178.0|3|000|A|0|1|1|0|0|2|2016-03-02 04:40:53|2016-03-02 04:40:38|121.458807|31.243270|64.3|330.0|0|008
23735|A|0|0|5|0|0|1|2016-03-02 03:34:38|2016-03-02 03:34:21|121.394923|31.344953|0.0|145.0|8|000|A|0|1|5|0|0|2|2016-03-02 04:41:10|2016-03-02 04:40:55|121.394950|31.344977|0.0|145.0|9|000
23450|A|0|0|0|0|0|1|2016-03-02 04:31:38|2016-03-02 04:31:22|121.441353|31.205512|30.2|31.0|7|025|A|0|1|1|0|0|2|2016-03-02 04:41:28|2016-03-02 04:41:13|121.430413|31.237293|0.0|267.0|6|000
26308|A|0|0|0|0|0|1|2016-03-02 04:14:28|2016-03-02 04:14:13|121.439650|31.239038|15.3|148.0|8|013|A|0|1|0|0|0|2|2016-03-02 04:41:38|2016-03-02 04:41:12|121.439635|31.239000|15.0|328.0|7|013
20551|A|0|0|0|0|0|1|2016-03-02 04:22:10|2016-03-02 04:21:55|121.416802|31.236370|23.1|243.0|10|021|A|0|1|1|0|0|2|2016-03-02 04:42:07|2016-03-02 04:41:52|121.311078|31.311930|3.9|240.0|11|005
26204|A|0|0|0|0|0|1|2016-03-02 04:17:08|2016-03-02 04:16:53|121.532743|31.271432|25.5|312.0|8|020|A|0|1|1|0|1|2|2016-03-02 04:42:09|2016-03-02 04:41:48|121.353843|31.220172|0.0|272.0|9|000
20648|A|0|0|0|0|0|1|2016-03-02 04:35:53|2016-03-02 04:35:38|121.476705|31.303517|22.4|175.0|8|021|A|0|1|1|0|1|2|2016-03-02 04:42:10|2016-03-02 04:41:55|121.442852|31.295272|0.0|180.0|7|000
26291|A|0|0|0|0|0|1|2016-03-02 04:28:30|2016-03-02 04:28:15|121.513525|31.303687|13.0|93.0|10|000|A|0|1|1|0|0|2|2016-03-02 04:42:22|2016-03-02 04:42:07|121.509575|31.234597|12.0|154.0|7|025
26237|A|0|0|0|0|0|1|2016-03-02 04:29:40|2016-03-02 04:29:25|121.398593|31.077675|0.0|7.0|8|000|A|0|1|1|0|0|2|2016-03-02 04:42:24|2016-03-02 04:42:06|121.369920|31.110148|0.0|7.0|7|000
23693|A|0|0|0|0|0|1|2016-03-02 04:18:12|2016-03-02 04:17:57|121.485468|31.214163|14.1|141.0|7|011|A|0|1|1|0|0|2|2016-03-02 04:42:31|2016-03-02 04:42:16|121.572022|31.112755|2.4|169.0|8|002
12825|A|0|0|0|0|0|1|2016-03-02 02:28:01|2016-03-02 02:22:47|121.494357|31.239365|57.0|64.0|9|050|A|0|1|0|0|0|2|2016-03-02 04:43:01|2016-03-02 04:42:34|121.350367|31.138688|0.0|68.0|9|000
23759|A|0|0|1|0|0|1|2016-03-02 04:36:36|2016-03-02 04:36:21|121.436702|31.248287|15.8|135.0|8|011|A|0|1|1|0|0|2|2016-03-02 04:43:03|2016-03-02 04:42:48|121.457842|31.228977|5.1|80.0|7|000
26169|A|0|0|0|0|0|1|2016-03-02 04:41:16|2016-03-02 04:41:01|121.665527|31.197953|94.6|77.0|10|094|A|0|1|5|0|0|2|2016-03-02 04:43:12|2016-03-02 04:42:57|121.698095|31.202147|109.1|87.0|10|108
00380|A|0|0|0|0|0|1|2016-03-02 04:43:47|2016-03-02 04:43:32|121.393387|31.341817|0.0|170.0|8|000|A|0|1|1|0|0|2|2016-03-02 04:43:54|2016-03-02 04:43:39|121.393387|31.341815|0.0|170.0|8|000
23747|A|0|0|0|0|0|1|2016-03-02 04:28:34|2016-03-02 04:28:19|121.593982|31.268638|13.3|312.0|8|012|A|0|1|1|0|0|2|2016-03-02 04:44:41|2016-03-02 04:44:26|121.582153|31.276407|0.0|190.0|8|000
13472|A|0|0|5|0|0|1|2016-03-02 00:26:26|2016-03-02 00:25:57|121.478870|31.303852|0.0|106.0|7|000|A|0|1|5|0|0|2|2016-03-02 04:44:51|2016-03-02 04:44:36|121.478878|31.303857|0.0|158.0|6|000
23772|A|0|0|0|0|0|1|2016-03-02 04:40:28|2016-03-02 04:40:13|121.477227|31.234873|9.3|288.0|6|000|A|0|1|1|0|0|2|2016-03-02 04:44:54|2016-03-02 04:44:39|121.471045|31.247163|3.9|342.0|7|000
25747|A|0|0|0|0|0|1|2016-03-02 04:30:34|2016-03-02 04:30:19|121.438087|31.246713|24.8|139.0|9|023|A|0|1|1|0|0|2|2016-03-02 04:44:57|2016-03-02 04:44:42|121.467135|31.201423|0.0|164.0|9|000
26973|A|0|0|0|0|1|1|2016-03-02 04:44:59|2016-03-02 04:44:01|121.358793|31.256777|24.7|193.0|10|025|A|0|1|1|0|1|2|2016-03-02 04:44:59|2016-03-02 04:44:41|121.358723|31.256592|0.0|199.0|10|000
23677|A|0|0|0|0|0|1|2016-03-02 04:31:29|2016-03-02 04:31:14|121.511065|31.276332|21.2|69.0|6|020|A|0|1|1|0|0|2|2016-03-02 04:45:21|2016-03-02 04:45:06|121.524970|31.337507|53.0|7.0|6|052
25712|A|0|0|0|0|0|1|2016-03-02 04:20:26|2016-03-02 04:20:11|121.424582|31.175738|19.9|65.0|7|016|A|0|1|1|0|0|2|2016-03-02 04:45:32|2016-03-02 04:45:17|121.458382|31.262303|0.0|214.0|4|000
23460|A|0|0|0|0|0|1|2016-03-02 04:29:08|2016-03-02 04:28:53|121.499128|31.274997|19.0|134.0|5|019-|A|0|1|1|0|0|2|2016-03-02 04:45:35|2016-03-02 04:44:38|121.519430|31.227190|16.0|306.0|5|016-
00380|A|0|0|0|0|0|1|2016-03-02 04:43:58|2016-03-02 04:43:43|121.393387|31.341815|0.0|170.0|8|000|A|0|1|0|0|0|2|2016-03-02 04:45:49|2016-03-02 04:45:33|121.393385|31.341812|0.0|170.0|8|000
23593|A|0|0|1|0|0|1|2016-03-02 04:43:34|2016-03-02 04:43:18|121.611410|31.293210|11.2|359.0|11|011|A|0|1|1|0|1|2|2016-03-02 04:47:03|2016-03-02 04:46:48|121.600402|31.293723|0.0|261.0|12|000
26209|A|0|0|0|0|0|1|2016-03-02 04:42:12|2016-03-02 04:41:57|121.431665|31.239817|16.0|294.0|8|012|A|0|1|1|0|0|2|2016-03-02 04:47:32|2016-03-02 04:47:16|121.416045|31.236872|0.0|160.0|8|000
23416|A|0|0|0|0|0|1|2016-03-02 04:02:21|2016-03-02 04:02:05|121.432428|31.053492|8.3|228.0|9|000|A|0|1|1|0|0|2|2016-03-02 04:47:54|2016-03-02 04:47:38|121.799280|31.152965|0.0|153.0|7|000
11626|A|0|0|0|0|0|1|2016-03-02 00:59:16|2016-03-02 00:59:01|121.494382|31.186705|36.7|218.0|6|037|A|0|1|5|0|0|2|2016-03-02 04:47:58|2016-03-02 04:40:10|121.437677|31.371747|0.0|339.0|6|000
23102|A|0|0|0|0|0|1|2016-03-02 04:43:10|2016-03-02 04:42:55|121.463877|31.265988|35.9|152.0|9|036|A|0|1|1|0|0|2|2016-03-02 04:48:12|2016-03-02 04:47:57|121.454123|31.233555|2.7|240.0|7|007
26275|A|0|0|0|0|0|1|2016-03-02 04:46:21|2016-03-02 04:46:06|121.451092|31.343012|29.7|159.0|10|029|A|0|1|1|0|0|2|2016-03-02 04:48:22|2016-03-02 04:48:07|121.454630|31.340512|11.9|344.0|12|010
20604|A|0|0|0|0|0|1|2016-03-02 04:48:38|2016-03-02 04:48:23|121.482768|31.406973|0.0|40.0|10|000|A|0|1|5|0|0|2|2016-03-02 04:48:40|2016-03-02 04:48:25|121.482768|31.406973|0.0|40.0|9|000
20604|A|0|0|0|0|0|1|2016-03-02 04:48:44|2016-03-02 04:48:28|121.482768|31.406973|0.0|40.0|9|000|A|0|1|5|0|0|2|2016-03-02 04:48:48|2016-03-02 04:48:32|121.482768|31.406973|0.0|40.0|9|000
20604|A|0|0|0|0|0|1|2016-03-02 04:48:49|2016-03-02 04:48:34|121.482768|31.406973|0.0|40.0|9|000|A|0|1|5|0|0|2|2016-03-02 04:48:51|2016-03-02 04:48:36|121.482768|31.406973|0.0|40.0|9|000
18197|A|0|0|0|0|0|1|2016-03-02 04:48:53|2016-03-02 04:47:46|121.820132|31.006202|0.0|79.0|6|000|A|0|1|0|0|0|2|2016-03-02 04:48:53|2016-03-02 04:48:16|121.820133|31.006202|0.0|79.0|6|000
20586|A|0|0|0|0|0|1|2016-03-02 04:42:50|2016-03-02 04:42:35|121.444342|31.213548|27.6|261.0|4|005|A|0|1|1|0|0|2|2016-03-02 04:48:59|2016-03-02 04:48:44|121.417040|31.203485|0.0|195.0|5|000
23569|A|0|0|0|0|0|1|2016-03-02 04:41:57|2016-03-02 04:41:42|121.430687|31.173898|4.2|3.0|9|012|A|0|1|0|0|0|2|2016-03-02 04:49:01|2016-03-02 04:48:44|121.453237|31.212318|0.0|70.0|9|000
25719|A|0|0|0|0|0|1|2016-03-02 04:46:19|2016-03-02 04:46:04|121.479345|31.262978|32.0|184.0|9|029|A|0|1|1|0|0|2|2016-03-02 04:49:15|2016-03-02 04:49:00|121.486828|31.255775|0.0|119.0|8|000
26397|A|0|0|0|0|0|1|2016-03-02 04:44:51|2016-03-02 04:44:36|121.436152|31.320055|30.5|3.0|5|017|A|0|1|5|0|0|2|2016-03-02 04:49:17|2016-03-02 04:49:02|121.439820|31.339665|0.0|16.0|5|000
23755|A|0|0|0|0|0|1|2016-03-02 04:41:04|2016-03-02 04:40:49|121.475555|31.309552|18.2|67.0|9|015|A|0|1|1|0|0|2|2016-03-02 04:49:25|2016-03-02 04:49:09|121.486492|31.333173|5.8|285.0|9|005
10974|A|0|0|0|0|0|1|2016-03-02 04:49:35|2016-03-02 04:49:02|121.402365|31.356508|0.0|133.0|9|000|A|0|1|5|0|0|2|2016-03-02 04:49:35|2016-03-02 04:48:31|121.402367|31.356507|0.0|133.0|9|000
10974|A|0|0|0|0|0|1|2016-03-02 04:49:35|2016-03-02 04:49:12|121.402365|31.356508|0.0|133.0|8|000|A|0|1|5|0|0|2|2016-03-02 04:49:35|2016-03-02 04:48:41|121.402365|31.356508|0.0|133.0|9|000
26109|A|0|0|0|0|0|1|2016-03-02 04:34:30|2016-03-02 04:34:15|121.444442|31.215677|0.0|195.0|3|001|A|0|1|1|0|1|2|2016-03-02 04:49:43|2016-03-02 04:49:28|121.483847|31.287613|0.0|38.0|3|003
00380|A|0|0|1|0|0|1|2016-03-02 04:45:50|2016-03-02 04:45:34|121.393385|31.341812|0.0|170.0|8|000|A|0|1|1|0|0|2|2016-03-02 04:49:47|2016-03-02 04:49:32|121.393388|31.341807|0.0|170.0|7|000
14577|A|0|0|5|0|0|1|2016-03-02 00:55:20|2016-03-02 00:54:50|121.430582|31.351702|0.0|0.0|9|000|A|0|1|1|0|0|2|2016-03-02 04:50:05|2016-03-02 04:44:43|121.381122|31.208632|0.0|112.0|8|000
14577|A|0|0|0|0|0|1|2016-03-02 04:50:05|2016-03-02 04:44:10|121.379538|31.209195|32.0|108.0|8|028|A|0|1|1|0|0|2|2016-03-02 04:50:05|2016-03-02 04:44:53|121.381122|31.208632|0.0|112.0|8|000
14577|A|0|0|0|0|0|1|2016-03-02 04:50:05|2016-03-02 04:44:30|121.381122|31.208632|1.0|112.0|9|000|A|0|1|1|0|0|2|2016-03-02 04:50:05|2016-03-02 04:44:33|121.381122|31.208632|1.0|112.0|8|000
14364|A|0|0|0|0|0|1|2016-03-02 04:49:57|2016-03-02 04:46:27|121.637408|31.272900|0.0|289.0|7|000|A|0|1|5|0|0|2|2016-03-02 04:50:08|2016-03-02 04:47:24|121.637408|31.272900|0.0|289.0|8|000
11216|A|0|0|0|1|0|1|2016-03-02 04:50:21|2016-03-02 04:49:36|121.803463|31.153160|0.0|332.0|8|000|A|0|1|0|1|0|2|2016-03-02 04:50:21|2016-03-02 04:49:46|121.803463|31.153160|0.0|332.0|9|000
26030|A|0|0|0|0|0|1|2016-03-02 04:35:45|2016-03-02 04:35:30|121.488648|31.215323|8.5|330.0|7|007|A|0|1|1|0|0|2|2016-03-02 04:50:30|2016-03-02 04:50:15|121.446603|31.243753|7.8|156.0|6|011
26094|A|0|0|0|0|0|1|2016-03-02 04:30:47|2016-03-02 04:30:32|121.472553|31.223748|20.2|249.0|10|018|A|0|1|1|0|0|2|2016-03-02 04:50:40|2016-03-02 04:50:25|121.615948|31.213262|19.3|84.0|12|019
23630|A|0|0|0|0|0|1|2016-03-02 04:43:37|2016-03-02 04:43:22|121.500120|31.153715|12.2|124.0|8|015|A|0|1|0|0|0|2|2016-03-02 04:50:42|2016-03-02 04:50:27|121.511797|31.125208|0.0|258.0|11|000
23781|A|0|0|0|0|0|1|2016-03-02 04:38:56|2016-03-02 04:38:09|121.461492|31.274565|20.0|346.0|8|020|A|0|1|1|0|0|2|2016-03-02 04:50:43|2016-03-02 04:50:28|121.477693|31.338150|31.3|306.0|9|031
23630|A|0|0|1|0|0|1|2016-03-02 04:50:44|2016-03-02 04:50:28|121.511797|31.125208|0.0|258.0|11|000|A|0|1|1|0|0|2|2016-03-02 04:50:46|2016-03-02 04:50:31|121.511797|31.125208|0.0|258.0|11|000
26094|A|0|0|0|0|0|1|2016-03-02 04:50:43|2016-03-02 04:50:28|121.616145|31.213270|25.3|87.0|10|025|A|0|1|1|0|0|2|2016-03-02 04:50:46|2016-03-02 04:50:31|121.616377|31.213283|29.4|85.0|11|028
27207|A|0|0|0|1|0|1|2016-03-02 04:50:45|2016-03-02 04:49:52|121.799347|31.152943|24.0|156.0|6|030|A|0|1|1|0|0|2|2016-03-02 04:50:50|2016-03-02 04:50:35|121.799450|31.152770|0.0|137.0|8|000
17153|A|0|0|0|0|0|1|2016-03-02 02:27:25|2016-03-02 02:27:10|121.471978|31.297060|22.0|63.0|3|022-|A|0|1|1|0|0|2|2016-03-02 04:50:52|2016-03-02 04:50:37|121.471055|31.296485|2.8|299.0|4|000
23589|A|0|0|1|0|0|1|2016-03-02 04:38:30|2016-03-02 04:38:14|121.437362|31.229760|13.9|143.0|9|000|A|0|1|1|0|1|2|2016-03-02 04:50:55|2016-03-02 04:50:40|121.342140|31.195987|0.0|180.0|8|000
23522|A|0|0|0|0|0|1|2016-03-02 04:42:43|2016-03-02 04:42:28|121.510788|31.140748|4.7|67.0|6|000|A|0|1|1|0|1|2|2016-03-02 04:50:55|2016-03-02 04:50:40|121.520020|31.128397|12.9|245.0|11|012
25298|A|0|0|0|0|0|1|2016-03-02 01:43:45|2016-03-02 01:43:30|121.799330|31.160028|82.0|338.0|4|082-|A|0|1|V|0|0|2|2016-03-02 04:50:55|2010-01-01|121.728853|31.209490|0.0|0.0|0|000
26204|A|0|0|0|0|0|1|2016-03-02 04:47:08|2016-03-02 04:46:53|121.367395|31.219112|11.1|88.0|9|004|A|0|1|1|0|1|2|2016-03-02 04:51:06|2016-03-02 04:50:51|121.376007|31.234142|0.0|75.0|8|000
22075|A|0|0|0|0|0|1|2016-03-02 04:51:23|2016-03-02 04:38:22|121.522788|31.147430|0.0|340.0|5|000|A|0|1|1|0|0|2|2016-03-02 04:51:23|2016-03-02 04:39:40|121.522790|31.147428|0.0|340.0|5|000
22075|A|0|0|0|0|0|1|2016-03-02 04:51:23|2016-03-02 04:38:12|121.522788|31.147430|0.0|340.0|5|000|A|0|1|1|0|0|2|2016-03-02 04:51:23|2016-03-02 04:40:10|121.522792|31.147425|0.0|340.0|5|000
25430|A|0|0|1|0|1|1|2016-03-02 04:51:25|2016-03-02 04:50:02|121.372025|31.210223|0.0|11.0|10|000|A|0|1|1|0|1|2|2016-03-02 04:51:25|2016-03-02 04:50:06|121.372025|31.210223|0.0|11.0|9|000
25603|A|0|0|0|0|0|1|2016-03-02 04:28:40|2016-03-02 04:28:25|121.432390|31.241538|16.5|48.0|7|012|A|0|1|1|0|0|2|2016-03-02 04:51:32|2016-03-02 04:51:17|121.498105|31.177530|0.0|80.0|8|000
14073|A|0|0|2|0|0|1|2016-03-02 04:51:41|2016-03-02 04:51:09|121.509722|31.210762|21.0|93.0|4|011|A|0|1|2|0|0|2|2016-03-02 04:51:41|2016-03-02 04:50:46|121.509285|31.210780|23.0|123.0|6|022
14073|A|0|0|2|0|0|1|2016-03-02 04:51:41|2016-03-02 04:51:15|121.510078|31.210672|31.0|61.0|5|015|A|0|1|2|0|0|2|2016-03-02 04:51:41|2016-03-02 04:50:59|121.509600|31.210768|0.0|93.0|4|000
26032|A|0|0|0|0|0|1|2016-03-02 04:39:46|2016-03-02 04:39:31|121.224727|31.008907|0.0|277.0|8|000|A|0|1|1|0|0|2|2016-03-02 04:51:44|2016-03-02 04:51:29|121.173382|30.971795|0.0|282.0|10|000
23403|A|0|0|0|0|0|1|2016-03-02 04:34:54|2016-03-02 04:34:39|121.471230|31.224560|15.6|44.0|9|013|A|0|1|1|0|0|2|2016-03-02 04:51:49|2016-03-02 04:51:34|121.398508|31.207533|27.6|1.0|8|025
26209|A|0|0|0|0|0|1|2016-03-02 04:48:34|2016-03-02 04:48:19|121.416162|31.236963|21.9|334.0|9|020|A|0|1|1|0|0|2|2016-03-02 04:51:58|2016-03-02 04:51:43|121.408808|31.247807|0.0|27.0|9|000
23677|A|0|0|0|0|0|1|2016-03-02 04:47:59|2016-03-02 04:47:44|121.524228|31.334490|10.1|198.0|7|009|A|0|1|1|0|0|2|2016-03-02 04:52:22|2016-03-02 04:52:07|121.509195|31.338138|5.7|302.0|7|006
26102|A|0|0|0|0|0|1|2016-03-02 04:51:45|2016-03-02 04:51:21|121.425642|31.323878|26.7|345.0|11|025|A|0|1|5|0|1|2|2016-03-02 04:52:23|2016-03-02 04:52:07|121.424610|31.327705|30.8|347.0|11|032
26064|A|0|0|0|0|0|1|2016-03-02 04:19:07|2016-03-02 04:18:52|121.447365|31.219648|19.4|151.0|10|016|A|0|1|1|0|0|2|2016-03-02 04:52:28|2016-03-02 04:52:13|121.534113|31.173338|0.0|262.0|10|000
26032|A|0|0|0|0|0|1|2016-03-02 04:52:20|2016-03-02 04:52:05|121.173522|30.971752|2.5|83.0|10|015|A|0|1|0|0|0|2|2016-03-02 04:52:45|2016-03-02 04:52:29|121.174877|30.971978|3.9|354.0|10|023
26032|A|0|0|1|0|0|1|2016-03-02 04:52:46|2016-03-02 04:52:30|121.174872|30.972037|4.4|355.0|10|026|A|0|1|0|0|0|2|2016-03-02 04:52:47|2016-03-02 04:52:31|121.174867|30.972103|4.7|356.0|10|028
26443|A|0|0|0|0|0|1|2016-03-02 04:29:12|2016-03-02 04:28:57|121.387773|31.361840|18.9|170.0|6|018|A|0|1|1|0|0|2|2016-03-02 04:52:58|2016-03-02 04:52:42|121.420278|31.181632|34.7|204.0|7|043
26183|A|0|0|0|0|1|1|2016-03-02 04:31:47|2016-03-02 04:31:32|121.354093|31.387413|12.3|340.0|7|012|A|0|1|1|0|1|2|2016-03-02 04:53:01|2016-03-02 04:52:45|121.321613|31.333875|0.0|162.0|8|000
26183|A|0|0|0|0|1|1|2016-03-02 04:53:03|2016-03-02 04:52:48|121.321613|31.333875|0.0|162.0|10|000|A|0|1|1|0|1|2|2016-03-02 04:53:07|2016-03-02 04:52:52|121.321613|31.333875|0.0|162.0|10|000
25900|A|0|0|0|0|0|1|2016-03-02 04:47:01|2016-03-02 04:46:45|121.513540|31.231215|7.2|251.0|6|000|A|0|1|1|0|1|2|2016-03-02 04:54:17|2016-03-02 04:54:02|121.538653|31.248877|0.0|148.0|7|000
26973|A|0|0|0|0|0|1|2016-03-02 04:54:01|2016-03-02 04:49:13|121.373697|31.252648|55.2|196.0|10|052|A|0|1|1|0|0|2|2016-03-02 04:54:28|2016-03-02 04:50:10|121.370920|31.252215|19.9|106.0|12|018
26973|A|0|0|0|0|1|1|2016-03-02 04:54:28|2016-03-02 04:50:03|121.370788|31.252278|13.4|165.0|12|013|A|0|1|1|0|0|2|2016-03-02 04:54:32|2016-03-02 04:50:24|121.372943|31.251685|71.7|107.0|11|070
25758|A|0|0|0|0|0|1|2016-03-02 04:37:29|2016-03-02 04:37:14|121.386165|31.211987|7.0|6.0|4|037|A|0|1|1|0|0|2|2016-03-02 04:54:36|2016-03-02 04:54:21|121.386585|31.270725|20.0|183.0|4|020-
26285|A|0|0|0|0|0|1|2016-03-02 04:44:51|2016-03-02 04:44:35|121.415068|31.214622|19.9|276.0|9|017|A|0|1|1|0|0|2|2016-03-02 04:54:44|2016-03-02 04:54:28|121.420327|31.250367|2.8|337.0|10|003
23557|A|0|0|0|0|0|1|2016-03-02 04:33:57|2016-03-02 04:33:42|121.477297|31.222955|14.4|314.0|8|010|A|0|1|5|0|0|2|2016-03-02 04:54:49|2016-03-02 04:54:34|121.345030|31.184968|0.0|160.0|9|000
30039|A|0|0|0|0|0|1|2016-03-02 04:49:38|2016-03-02 04:49:23|121.513557|31.231552|0.0|73.0|7|000|A|0|1|1|0|0|2|2016-03-02 04:54:53|2016-03-02 04:54:38|121.515695|31.236000|13.4|155.0|10|018
23557|A|0|0|0|0|0|1|2016-03-02 04:54:51|2016-03-02 04:54:35|121.345030|31.184968|0.0|160.0|8|000|A|0|1|5|0|0|2|2016-03-02 04:54:54|2016-03-02 04:54:39|121.345030|31.184968|0.0|160.0|9|000
10292|A|0|0|0|0|0|1|2016-03-02 04:55:12|2016-03-02 04:54:13|121.325157|31.186243|63.2|336.0|11|062|A|0|1|1|0|1|2|2016-03-02 04:55:20|2016-03-02 04:55:05|121.324142|31.187653|21.2|270.0|11|021
20822|A|0|0|5|0|0|1|2016-03-02 04:55:12|2016-03-02 04:54:56|121.442377|30.905870|0.0|339.0|9|000|A|0|1|5|0|0|2|2016-03-02 04:55:21|2016-03-02 04:55:06|121.442377|30.905870|0.0|339.0|12|000
25962|A|0|0|0|0|0|1|2016-03-02 04:46:35|2016-03-02 04:46:20|121.543607|31.292578|12.4|119.0|9|011|A|0|1|1|0|1|2|2016-03-02 04:55:30|2016-03-02 04:55:15|121.535752|31.263502|0.0|140.0|10|000
20540|A|0|0|0|0|0|1|2016-03-02 03:48:29|2016-03-02 03:48:14|121.486267|31.346487|0.0|339.0|8|000|A|0|1|5|0|0|2|2016-03-02 04:55:39|2016-03-02 04:55:24|121.486198|31.346428|0.0|3.0|6|000
25812|A|0|0|0|0|0|1|2016-03-02 04:39:02|2016-03-02 04:38:46|121.412680|31.220635|25.6|258.0|7|024|A|0|1|1|0|1|2|2016-03-02 04:55:51|2016-03-02 04:55:36|121.368307|31.249817|0.0|105.0|6|000
26291|A|0|0|0|0|0|1|2016-03-02 04:43:50|2016-03-02 04:43:35|121.509665|31.234528|11.8|143.0|7|006|A|0|1|1|0|0|2|2016-03-02 04:55:55|2016-03-02 04:55:38|121.495327|31.264903|0.0|79.0|5|004
26097|A|0|0|0|0|0|1|2016-03-02 04:43:31|2016-03-02 04:43:16|121.450168|31.203113|35.5|240.0|9|036|A|0|1|1|0|0|2|2016-03-02 04:55:56|2016-03-02 04:55:40|121.441573|31.175567|0.0|121.0|10|000
21991|A|0|0|5|0|0|1|2016-03-02 04:56:14|2016-03-02 04:55:50|121.469317|31.145728|0.0|0.0|9|000|A|0|1|5|0|0|2|2016-03-02 04:56:14|2016-03-02 04:54:10|121.469327|31.145708|0.0|0.0|10|000
25701|A|0|0|1|0|0|1|2016-03-02 04:50:15|2016-03-02 04:49:59|121.484808|31.267792|25.5|150.0|5|009|A|0|1|1|0|0|2|2016-03-02 04:56:21|2016-03-02 04:56:00|121.472443|31.239460|0.0|179.0|4|000
10636|A|0|0|0|0|0|1|2016-03-02 01:40:09|2016-03-02 01:39:53|121.537792|31.290977|0.0|108.0|4|000|A|0|1|1|0|0|2|2016-03-02 04:56:22|2016-03-02 04:56:07|121.449385|31.247855|0.0|118.0|6|000
20621|A|0|0|2|0|0|1|2016-03-02 04:29:52|2016-03-02 04:29:33|121.413268|31.176745|12.3|243.0|10|014|A|0|1|1|0|0|2|2016-03-02 04:56:25|2016-03-02 04:56:10|121.262373|31.057423|49.5|7.0|11|050
23316|A|0|0|0|0|0|1|2016-03-02 04:56:22|2016-03-02 04:56:07|121.385070|31.356660|26.9|157.0|11|025|A|0|1|1|0|0|2|2016-03-02 04:56:30|2016-03-02 04:56:15|121.385255|31.356102|34.4|162.0|10|034
12967|A|0|0|1|0|0|1|2016-03-02 04:56:28|2016-03-02 04:56:12|121.510655|31.300980|25.0|207.0|11|033|A|0|1|1|0|0|2|2016-03-02 04:56:37|2016-03-02 04:56:22|121.510552|31.300830|1.0|218.0|10|000
25976|A|0|0|0|0|0|1|2016-03-02 04:52:10|2016-03-02 04:51:55|121.465743|31.288543|28.6|186.0|11|026|A|0|1|3|0|0|2|2016-03-02 04:56:43|2016-03-02 04:56:28|121.452438|31.274557|18.3|342.0|9|016
25723|A|0|0|1|0|0|1|2016-03-02 04:49:28|2016-03-02 04:49:12|121.492063|31.261702|10.4|311.0|8|008|A|0|1|1|0|0|2|2016-03-02 04:56:53|2016-03-02 04:56:38|121.460980|31.265425|0.0|150.0|11|000
26225|A|0|0|2|0|0|1|2016-03-02 04:39:32|2016-03-02 04:39:17|121.433605|31.240287|9.9|47.0|8|006|A|0|1|1|0|1|2|2016-03-02 04:57:03|2016-03-02 04:56:48|121.342158|31.195353|0.0|176.0|8|000
26258|A|0|0|0|0|0|1|2016-03-02 04:25:29|2016-03-02 04:25:14|121.424337|31.156187|5.7|52.0|8|004|A|0|1|1|0|0|2|2016-03-02 04:57:16|2016-03-02 04:57:01|121.404062|31.248050|0.0|240.0|7|000
23507|A|0|0|0|0|0|1|2016-03-02 04:54:17|2016-03-02 04:54:02|121.444357|31.310207|20.8|355.0|8|020|A|0|1|1|0|0|2|2016-03-02 04:57:24|2016-03-02 04:57:09|121.455420|31.316837|0.0|350.0|6|000
26401|A|0|0|0|0|0|1|2016-03-02 04:47:44|2016-03-02 04:47:29|121.475608|31.227090|10.3|232.0|5|005|A|0|1|1|0|0|2|2016-03-02 04:57:25|2016-03-02 04:57:09|121.457658|31.199212|0.0|75.0|6|000
23391|A|0|0|0|0|0|1|2016-03-02 04:45:29|2016-03-02 04:45:14|121.462563|31.209027|8.3|346.0|10|000|A|0|1|1|0|0|2|2016-03-02 04:57:40|2016-03-02 04:57:25|121.436778|31.228163|0.0|57.0|7|000
23032|A|0|0|0|0|0|1|2016-03-02 04:58:16|2016-03-02 04:58:01|121.435793|31.210013|14.9|215.0|8|012|A|0|1|1|0|0|2|2016-03-02 04:58:21|2016-03-02 04:58:04|121.435745|31.209898|19.9|201.0|8|015
20578|A|0|0|0|0|0|1|2016-03-02 04:38:31|2016-03-02 04:38:16|121.693532|31.186255|9.9|235.0|6|017|A|0|1|0|0|1|2|2016-03-02 04:58:50|2016-03-02 04:58:33|121.686343|31.177695|0.0|164.0|7|000
26065|A|0|0|0|0|0|1|2016-03-02 04:54:08|2016-03-02 04:53:53|121.438715|31.307195|13.4|264.0|11|013|A|0|1|1|0|0|2|2016-03-02 04:59:11|2016-03-02 04:58:52|121.436025|31.323463|13.9|182.0|11|013
20436|A|0|0|0|0|0|1|2016-03-02 04:59:48|2016-03-02 04:58:17|121.438448|31.339232|0.0|249.0|9|000|A|0|1|5|0|0|2|2016-03-02 04:59:48|2016-03-02 04:58:07|121.438448|31.339232|0.0|249.0|9|000
20596|A|0|0|1|0|0|1|2016-03-02 04:54:48|2016-03-02 04:54:32|121.431148|31.243808|8.4|196.0|7|000|A|0|1|1|0|1|2|2016-03-02 04:59:51|2016-03-02 04:59:36|121.431735|31.237083|0.0|2.0|4|000
25846|A|0|0|1|0|0|1|2016-03-02 04:18:29|2016-03-02 04:18:13|121.392743|31.057308|8.7|342.0|7|007|A|0|1|1|0|0|2|2016-03-02 04:59:51|2016-03-02 04:59:36|121.799283|31.153088|0.0|221.0|3|003
23772|A|0|0|0|0|0|1|2016-03-02 04:47:59|2016-03-02 04:47:44|121.470958|31.247432|0.0|340.0|7|000|A|0|1|1|0|0|2|2016-03-02 04:59:59|2016-03-02 04:59:44|121.423503|31.232548|14.2|197.0|5|020
