23766|A|0|0|0|0|0|1|2016-03-02 02:18:55|2016-03-02 02:18:38|121.489673|31.373188|10.6|130.0|10|007|A|0|1|1|0|0|2|2016-03-02 03:00:04|2016-03-02 02:59:49|121.437333|31.290342|2.8|182.0|10|000
23398|A|0|0|0|0|0|1|2016-03-02 02:37:45|2016-03-02 02:36:13|121.430528|31.254188|53.3|36.0|6|053|A|0|1|1|0|0|2|2016-03-02 03:00:05|2016-03-02 02:59:50|121.598070|31.263168|6.8|99.0|8|012
15418|A|0|0|0|0|0|1|2016-03-02 02:27:10|2016-03-02 02:26:55|121.503687|31.235563|15.0|186.0|3|013|A|0|1|1|0|0|2|2016-03-02 03:00:09|2016-03-02 02:56:06|121.430805|31.338410|3.0|59.0|8|003
20587|A|0|0|0|0|0|1|2016-03-02 02:45:41|2016-03-02 02:45:26|121.447740|31.218867|0.0|189.0|8|000|A|0|1|1|0|0|2|2016-03-02 03:00:12|2016-03-02 02:59:57|121.492887|31.223655|0.0|64.0|8|000
26371|A|0|0|0|0|0|1|2016-03-02 02:52:11|2016-03-02 02:51:41|121.356683|31.256453|4.8|101.0|9|000|A|0|1|1|0|0|2|2016-03-02 03:00:16|2016-03-02 02:59:45|121.356073|31.262033|0.0|152.0|7|000
23906|A|0|0|0|0|0|1|2016-03-02 02:54:04|2016-03-02 02:53:49|121.407280|31.289215|26.1|82.0|8|021|A|0|1|1|0|0|2|2016-03-02 03:00:25|2016-03-02 03:00:10|121.424808|31.271478|0.0|87.0|9|000
26153|A|0|0|0|0|0|1|2016-03-02 02:48:36|2016-03-02 02:48:21|121.518883|31.216592|33.6|83.0|10|033|A|0|1|1|0|0|2|2016-03-02 03:00:41|2016-03-02 03:00:25|121.520195|31.278495|0.0|351.0|9|000
23383|A|0|0|0|0|0|1|2016-03-02 02:44:15|2016-03-02 02:43:59|121.450503|31.249327|21.6|165.0|6|022|A|0|1|1|0|0|2|2016-03-02 03:00:46|2016-03-02 03:00:31|121.427502|31.216152|0.0|246.0|8|000
25856|A|0|0|0|0|0|1|2016-03-02 02:58:52|2016-03-02 02:58:36|121.362003|31.182885|18.9|221.0|8|017|A|0|1|1|0|1|2|2016-03-02 03:00:51|2016-03-02 03:00:36|121.359340|31.177942|0.0|239.0|7|000
25712|A|0|0|0|0|0|1|2016-03-02 02:44:20|2016-03-02 02:44:05|121.391277|31.183733|15.5|103.0|7|005|A|0|1|1|0|0|2|2016-03-02 03:01:06|2016-03-02 03:00:51|121.444067|31.209468|0.0|20.0|8|000
23558|A|0|0|0|0|0|1|2016-03-02 02:49:33|2016-03-02 02:49:18|121.378463|31.248750|7.6|25.0|10|006|A|0|1|1|0|0|2|2016-03-02 03:01:13|2016-03-02 03:00:53|121.339937|31.264160|3.2|297.0|10|000
23385|A|0|0|0|0|0|1|2016-03-02 02:57:53|2016-03-02 02:57:38|121.452965|31.243157|24.4|334.0|11|027|A|0|1|1|0|1|2|2016-03-02 03:01:14|2016-03-02 03:00:59|121.432747|31.245172|0.0|305.0|9|000
23445|A|0|0|0|0|0|1|2016-03-02 02:54:08|2016-03-02 02:53:53|121.401047|31.332325|14.6|164.0|9|014|A|0|1|1|0|1|2|2016-03-02 03:01:26|2016-03-02 03:01:11|121.411947|31.289747|0.0|264.0|9|000
26327|A|0|0|0|0|0|1|2016-03-02 02:49:38|2016-03-02 02:49:23|121.494825|31.274725|12.6|37.0|8|007|A|0|1|1|0|0|2|2016-03-02 03:01:30|2016-03-02 03:01:04|121.538763|31.273398|19.9|49.0|7|024
23876|A|0|0|0|0|0|1|2016-03-02 02:57:11|2016-03-02 02:56:56|121.408722|31.201875|7.5|80.0|8|006|A|0|1|1|0|0|2|2016-03-02 03:01:30|2016-03-02 03:01:15|121.425417|31.204830|0.0|297.0|6|000
26035|A|0|0|0|0|0|1|2016-03-02 02:48:58|2016-03-02 02:48:43|121.465472|31.223453|10.9|103.0|6|007|A|0|1|1|0|1|2|2016-03-02 03:01:46|2016-03-02 03:01:31|121.448460|31.332033|0.0|74.0|8|000
26008|A|0|0|0|0|0|1|2016-03-02 02:58:58|2016-03-02 02:58:43|121.472690|31.272520|23.6|285.0|9|020|A|0|1|1|0|1|2|2016-03-02 03:01:49|2016-03-02 03:01:34|121.471463|31.282997|0.0|13.0|9|000
20044|A|0|0|0|0|0|1|2016-03-02 00:51:14|2016-03-02 00:50:56|121.486037|31.234793|19.0|234.0|9|019|A|0|1|V|0|0|2|2016-03-02 03:01:54|2016-03-02 02:53:55|121.473045|31.344607|1.0|82.0|0|010
25941|A|0|0|0|0|0|1|2016-03-02 02:59:55|2016-03-02 02:55:48|121.377285|31.116053|22.8|148.0|10|022|A|0|1|1|0|1|2|2016-03-02 03:01:56|2016-03-02 03:01:40|121.385588|31.105278|3.7|80.0|9|000
23920|A|0|0|0|0|0|1|2016-03-02 02:55:15|2016-03-02 02:55:00|121.440563|31.230628|10.3|137.0|9|006|A|0|1|1|0|0|2|2016-03-02 03:02:05|2016-03-02 03:01:50|121.426002|31.249902|0.0|326.0|9|000
26102|A|0|0|0|0|0|1|2016-03-02 02:51:11|2016-03-02 02:50:55|121.397660|31.106827|20.5|333.0|10|019|A|0|1|1|0|1|2|2016-03-02 03:02:06|2016-03-02 03:01:51|121.389915|31.069348|0.0|349.0|10|000
14551|A|0|0|0|0|0|1|2016-03-02 02:52:32|2016-03-02 02:52:16|121.475570|31.230028|42.0|284.0|5|015|A|0|1|5|0|0|2|2016-03-02 03:02:19|2016-03-02 03:02:04|121.475512|31.231650|0.0|0.0|6|000
20619|A|0|0|0|0|0|1|2016-03-02 03:01:49|2016-03-02 03:01:34|121.382868|31.228535|0.0|183.0|9|000|A|0|1|1|0|0|2|2016-03-02 03:02:21|2016-03-02 03:02:06|121.382868|31.228535|0.0|183.0|8|000
23786|A|0|0|2|0|0|1|2016-03-02 03:02:17|2016-03-02 03:01:57|121.191322|31.100923|0.0|189.0|10|000|A|0|1|2|0|0|2|2016-03-02 03:02:22|2016-03-02 03:02:07|121.191318|31.100915|10.4|186.0|10|006
10063|A|0|0|0|0|0|1|2016-03-02 02:49:24|2016-03-02 02:49:09|121.510677|31.305463|16.2|61.0|9|000|A|0|1|1|0|1|2|2016-03-02 03:02:31|2016-03-02 03:02:16|121.570203|31.293413|0.0|187.0|9|000
26000|A|0|0|0|0|0|1|2016-03-02 02:52:16|2016-03-02 02:52:01|121.422653|31.118228|12.9|340.0|8|012|A|0|1|1|0|1|2|2016-03-02 03:02:42|2016-03-02 03:02:27|121.441922|31.135662|0.0|81.0|8|000
23757|A|0|0|0|0|0|1|2016-03-02 02:49:28|2016-03-02 02:49:12|121.473350|31.262497|14.9|125.0|11|014|A|0|1|1|0|0|2|2016-03-02 03:02:43|2016-03-02 03:02:27|121.506013|31.253678|0.0|126.0|10|000
10467|A|0|0|0|0|1|1|2016-03-02 03:02:46|2016-03-02 03:02:09|121.388218|31.211918|35.9|274.0|8|037|A|0|1|1|0|1|2|2016-03-02 03:02:46|2016-03-02 03:02:30|121.387948|31.212040|0.0|303.0|8|000
23786|A|0|0|2|0|0|1|2016-03-02 03:02:45|2016-03-02 03:02:27|121.191232|31.099988|21.5|187.0|10|021|A|0|1|1|0|0|2|2016-03-02 03:02:48|2016-03-02 03:02:32|121.191195|31.099727|20.8|188.0|10|021
18121|A|0|0|0|0|0|1|2016-03-02 01:42:15|2016-03-02 01:42:00|121.504462|31.287645|50.9|112.0|4|049|A|0|1|1|0|0|2|2016-03-02 03:02:56|2016-03-02 03:02:41|121.508863|31.317505|0.0|145.0|4|000
26308|A|0|0|0|0|0|1|2016-03-02 02:53:56|2016-03-02 02:53:41|121.452085|31.216187|7.3|112.0|5|005|A|0|1|1|0|0|2|2016-03-02 03:03:03|2016-03-02 03:02:48|121.430422|31.246567|0.0|297.0|8|000
25839|A|0|0|0|0|0|1|2016-03-02 02:49:47|2016-03-02 02:49:31|121.436633|31.248373|24.5|138.0|8|021|A|0|1|0|0|1|2|2016-03-02 03:03:18|2016-03-02 03:03:03|121.462272|31.207010|4.9|238.0|8|013
10594|A|0|0|0|0|0|1|2016-03-02 02:41:54|2016-03-02 02:41:38|121.450812|31.249080|22.4|139.0|4|022|A|0|1|0|0|1|2|2016-03-02 03:03:19|2016-03-02 03:01:57|121.512455|31.278675|0.0|235.0|10|000
10594|A|0|0|1|0|1|1|2016-03-02 03:03:19|2016-03-02 03:02:52|121.513162|31.278742|27.9|74.0|10|028|A|0|1|1|0|0|2|2016-03-02 03:03:19|2016-03-02 03:02:42|121.512445|31.278572|15.8|77.0|9|011
20680|A|0|0|0|0|0|1|2016-03-02 02:57:31|2016-03-02 02:57:16|121.450948|31.258837|24.4|37.0|10|000|A|0|1|1|0|1|2|2016-03-02 03:03:27|2016-03-02 03:03:12|121.418373|31.268197|0.0|7.0|9|000
26024|A|0|0|0|0|0|1|2016-03-02 02:35:09|2016-03-02 02:34:54|121.380682|31.208753|9.1|104.0|9|005|A|0|1|1|0|0|2|2016-03-02 03:03:28|2016-03-02 03:03:13|121.304262|31.246700|0.0|257.0|9|000
23659|A|0|0|0|0|0|1|2016-03-02 02:52:38|2016-03-02 02:52:23|121.371163|31.159783|24.1|99.0|10|022|A|0|1|1|0|0|2|2016-03-02 03:03:46|2016-03-02 03:03:31|121.386397|31.211920|5.3|9.0|7|005
23434|A|0|0|0|0|0|1|2016-03-02 02:58:26|2016-03-02 02:58:11|121.474192|31.227097|2.1|2.0|6|000|A|0|1|0|0|0|2|2016-03-02 03:03:46|2016-03-02 03:03:31|121.464100|31.230085|27.3|81.0|7|013
25816|A|0|0|1|0|0|1|2016-03-02 02:54:37|2016-03-02 02:54:21|121.464600|31.205617|7.0|311.0|9|000|A|0|1|0|0|1|2|2016-03-02 03:03:51|2016-03-02 03:03:35|121.429540|31.194045|0.0|92.0|7|000
23613|A|0|0|0|0|0|1|2016-03-02 02:27:38|2016-03-02 02:27:23|121.389895|31.057515|7.3|20.0|4|000|A|0|1|1|0|0|2|2016-03-02 03:04:01|2016-03-02 03:03:45|121.440625|31.172160|29.3|173.0|4|030
25865|A|0|0|0|0|0|1|2016-03-02 03:01:02|2016-03-02 03:00:47|121.414305|31.209347|15.9|166.0|8|014|A|0|1|1|0|0|2|2016-03-02 03:04:13|2016-03-02 03:03:58|121.412923|31.201693|0.0|181.0|8|000
25808|A|0|0|0|0|0|1|2016-03-02 02:24:22|2016-03-02 02:24:07|121.516222|31.210975|20.8|290.0|7|019|A|0|1|1|0|0|2|2016-03-02 03:04:15|2016-03-02 03:04:00|121.393240|31.066402|0.0|91.0|8|000
23772|A|0|0|0|0|0|1|2016-03-02 02:54:48|2016-03-02 02:54:33|121.464303|31.222820|10.9|212.0|6|000|A|0|1|1|0|0|2|2016-03-02 03:04:18|2016-03-02 03:04:03|121.431953|31.239712|0.0|231.0|5|000
25750|A|0|0|0|0|0|1|2016-03-02 02:58:43|2016-03-02 02:58:28|121.443792|31.300277|20.9|255.0|9|015|A|0|1|1|0|0|2|2016-03-02 03:04:19|2016-03-02 03:04:04|121.417058|31.304820|8.8|265.0|10|009
23842|A|0|0|0|0|0|1|2016-03-02 02:48:23|2016-03-02 02:48:08|121.480710|31.304278|26.0|86.0|8|019|A|0|1|1|0|0|2|2016-03-02 03:04:31|2016-03-02 03:04:16|121.424490|31.155885|30.0|139.0|6|030-
23589|A|0|0|1|0|0|1|2016-03-02 02:59:57|2016-03-02 02:59:42|121.480683|31.306305|16.1|163.0|10|014|A|0|1|1|0|1|2|2016-03-02 03:04:33|2016-03-02 03:04:18|121.488510|31.272153|3.4|165.0|7|000
26039|A|0|0|0|0|0|1|2016-03-02 03:00:09|2016-03-02 02:59:54|121.395293|31.160142|13.6|339.0|10|012|A|0|1|1|0|0|2|2016-03-02 03:04:38|2016-03-02 03:04:23|121.415390|31.172765|0.0|74.0|10|000
17202|A|0|0|0|0|0|1|2016-03-02 01:22:22|2016-03-02 01:21:59|121.450442|31.249255|11.4|116.0|6|011|A|0|1|1|0|0|2|2016-03-02 03:04:41|2016-03-02 02:57:21|121.321417|31.224177|0.0|262.0|9|000
25735|A|0|0|0|0|0|1|2016-03-02 02:53:19|2016-03-02 02:53:04|121.414145|31.267403|10.7|180.0|9|009|A|0|1|1|0|0|2|2016-03-02 03:04:43|2016-03-02 03:04:27|121.422883|31.231878|3.1|199.0|8|000
26219|A|0|0|0|0|0|1|2016-03-02 02:52:22|2016-03-02 02:52:06|121.411348|31.240840|17.7|306.0|11|017|A|0|1|1|0|1|2|2016-03-02 03:04:45|2016-03-02 03:04:30|121.381932|31.271538|0.0|283.0|9|000
23391|A|0|0|1|0|0|1|2016-03-02 02:48:03|2016-03-02 02:47:38|121.456010|31.204943|26.6|252.0|4|021|A|0|1|1|0|0|2|2016-03-02 03:04:56|2016-03-02 03:04:35|121.406018|31.214418|0.0|246.0|6|000
23358|A|0|0|0|0|0|1|2016-03-02 02:53:37|2016-03-02 02:53:21|121.474470|31.227200|27.4|340.0|8|004|A|0|1|1|0|0|2|2016-03-02 03:04:59|2016-03-02 03:04:44|121.459730|31.202663|0.0|280.0|8|000
23798|A|0|0|0|0|0|1|2016-03-02 02:24:52|2016-03-02 02:24:37|121.432598|31.241800|17.9|50.0|10|000|A|0|1|1|0|0|2|2016-03-02 03:05:03|2016-03-02 03:04:48|121.479113|31.402257|0.0|66.0|8|000
20653|A|0|0|0|0|0|1|2016-03-02 02:47:31|2016-03-02 02:47:16|121.350293|31.169990|11.7|331.0|9|010|A|0|1|1|0|0|2|2016-03-02 03:05:03|2016-03-02 03:04:47|121.251367|31.202352|0.0|259.0|6|000
20533|A|0|0|0|0|0|1|2016-03-02 03:02:28|2016-03-02 03:02:13|121.458932|31.253250|17.7|179.0|8|014|A|0|1|1|0|1|2|2016-03-02 03:05:08|2016-03-02 03:04:53|121.451375|31.249390|0.0|236.0|8|000
26100|A|0|0|0|0|0|1|2016-03-02 02:58:01|2016-03-02 02:57:45|121.476873|31.225493|13.2|348.0|8|000|A|0|1|1|0|0|2|2016-03-02 03:05:11|2016-03-02 03:04:56|121.484593|31.240778|0.0|50.0|9|000
15387|A|0|0|5|0|0|1|2016-03-02 03:05:29|2016-03-02 02:59:08|121.361198|31.224550|0.0|3.0|9|000|A|0|1|5|0|0|2|2016-03-02 03:05:29|2016-03-02 02:58:58|121.361198|31.224550|0.0|3.0|8|000
23755|A|0|0|0|0|0|1|2016-03-02 02:52:27|2016-03-02 02:52:12|121.515952|31.311668|12.5|280.0|7|009|A|0|1|1|0|0|2|2016-03-02 03:05:30|2016-03-02 03:05:15|121.468083|31.308010|0.0|195.0|9|000
25955|A|0|0|0|0|0|1|2016-03-02 03:02:32|2016-03-02 03:02:17|121.465970|31.225165|7.4|315.0|9|043|A|0|1|1|0|0|2|2016-03-02 03:05:32|2016-03-02 03:05:17|121.461247|31.237958|9.1|333.0|6|054
26237|A|0|0|0|0|0|1|2016-03-02 02:54:23|2016-03-02 02:54:08|121.457617|31.192018|21.2|230.0|8|016|A|0|1|1|0|0|2|2016-03-02 03:05:34|2016-03-02 03:05:19|121.414627|31.177058|0.0|104.0|9|000
17723|A|0|0|0|0|0|1|2016-03-02 01:21:10|2016-03-02 01:20:55|121.448997|31.201923|47.7|335.0|10|045|A|0|1|0|1|0|2|2016-03-02 03:05:44|2016-03-02 03:03:49|121.463247|31.306170|0.0|22.0|8|000
23906|A|0|0|0|0|0|1|2016-03-02 03:01:54|2016-03-02 03:01:39|121.421717|31.273487|21.1|41.0|9|017|A|0|1|1|0|0|2|2016-03-02 03:05:45|2016-03-02 03:05:29|121.449457|31.272723|0.0|75.0|7|000
23403|A|0|0|1|0|0|1|2016-03-02 02:57:22|2016-03-02 02:57:07|121.447330|31.275752|23.1|127.0|9|013|A|0|1|1|0|1|2|2016-03-02 03:05:48|2016-03-02 03:01:47|121.459072|31.276715|26.6|59.0|8|026
26337|A|0|0|0|0|0|1|2016-03-02 02:54:33|2016-03-02 02:54:18|121.442515|31.207455|0.0|221.0|9|000|A|0|1|1|0|0|2|2016-03-02 03:05:49|2016-03-02 03:05:33|121.477083|31.228370|0.0|61.0|9|000
26337|A|0|0|0|0|0|1|2016-03-02 03:05:49|2016-03-02 03:05:34|121.477083|31.228370|0.0|61.0|9|000|A|0|1|1|0|0|2|2016-03-02 03:05:51|2016-03-02 03:05:36|121.477083|31.228370|0.0|61.0|9|000
23522|A|0|0|0|0|0|1|2016-03-02 02:58:18|2016-03-02 02:58:03|121.522293|31.122520|0.0|15.0|10|004|A|0|1|1|0|0|2|2016-03-02 03:05:54|2016-03-02 03:05:39|121.543238|31.137323|10.7|150.0|10|009
23338|A|0|0|0|0|0|1|2016-03-02 02:40:22|2016-03-02 02:40:07|121.431947|31.241133|24.3|26.0|11|023|A|0|1|0|0|1|2|2016-03-02 03:05:56|2016-03-02 03:05:40|121.361897|31.218150|0.0|180.0|10|000
23759|A|0|0|0|0|0|1|2016-03-02 03:00:48|2016-03-02 03:00:33|121.456153|31.226663|40.6|164.0|10|034|A|0|1|1|0|0|2|2016-03-02 03:06:09|2016-03-02 03:05:54|121.450523|31.232122|15.7|237.0|7|011
23669|A|0|0|1|0|0|1|2016-03-02 02:54:53|2016-03-02 02:54:37|121.480618|31.238192|18.3|333.0|8|011|A|0|1|1|0|1|2|2016-03-02 03:06:09|2016-03-02 03:05:21|121.516032|31.271102|22.5|164.0|7|027
23669|A|0|0|0|0|1|1|2016-03-02 03:06:09|2016-03-02 03:05:16|121.515910|31.271558|37.8|173.0|6|042|A|0|1|1|0|0|2|2016-03-02 03:06:09|2016-03-02 03:05:31|121.516115|31.270958|0.0|170.0|7|000
25955|A|0|0|0|0|0|1|2016-03-02 03:05:49|2016-03-02 03:05:33|121.460228|31.239727|7.9|335.0|8|046|A|0|1|1|0|0|2|2016-03-02 03:06:14|2016-03-02 03:05:59|121.458575|31.243318|10.5|338.0|10|062
26002|A|0|0|0|0|0|1|2016-03-02 03:01:02|2016-03-02 03:00:47|121.439447|31.230158|29.6|241.0|7|026|A|0|1|1|0|1|2|2016-03-02 03:06:17|2016-03-02 03:06:02|121.419655|31.237865|0.0|27.0|8|000
26056|A|0|0|0|0|0|1|2016-03-02 02:27:06|2016-03-02 02:26:51|121.510550|31.302452|52.5|256.0|4|034|A|0|1|1|0|0|2|2016-03-02 03:06:19|2016-03-02 03:06:04|121.354460|31.185342|34.7|69.0|5|030
17241|A|0|0|0|0|0|1|2016-03-02 00:33:39|2016-03-02 00:32:31|121.322230|31.199625|36.9|351.0|6|035|A|0|1|1|0|0|2|2016-03-02 03:06:31|2016-03-02 03:02:39|121.364012|31.122387|18.9|67.0|7|022
23351|A|0|0|0|0|0|1|2016-03-02 03:00:25|2016-03-02 03:00:10|121.451188|31.128798|28.1|171.0|8|026|A|0|1|1|0|0|2|2016-03-02 03:06:40|2016-03-02 03:06:25|121.511797|31.136847|0.0|157.0|8|000
26129|A|0|0|0|0|0|1|2016-03-02 02:58:40|2016-03-02 02:58:25|121.452592|31.248520|0.0|174.0|9|000|A|0|1|1|0|0|2|2016-03-02 03:06:45|2016-03-02 03:06:30|121.466847|31.240787|0.0|51.0|7|000
23747|A|0|0|2|0|0|1|2016-03-02 02:38:01|2016-03-02 02:37:36|121.445420|31.238785|14.8|313.0|9|012|A|0|1|1|0|0|2|2016-03-02 03:06:46|2016-03-02 03:06:31|121.359713|31.219777|6.4|263.0|8|007
25955|A|0|0|0|0|0|1|2016-03-02 03:06:38|2016-03-02 03:06:20|121.457883|31.246400|10.3|6.0|9|060|A|0|1|1|0|0|2|2016-03-02 03:06:51|2016-03-02 03:06:36|121.458423|31.249065|12.1|9.0|8|072
23808|A|0|0|0|0|0|1|2016-03-02 02:50:26|2016-03-02 02:50:11|121.535150|31.289175|16.9|226.0|6|014|A|0|1|1|0|0|2|2016-03-02 03:07:18|2016-03-02 03:07:03|121.476802|31.252493|0.0|225.0|7|002
23517|A|0|0|0|0|0|1|2016-03-02 02:56:56|2016-03-02 02:56:41|121.456710|31.204740|26.8|72.0|10|023|A|0|1|1|0|0|2|2016-03-02 03:07:21|2016-03-02 03:07:06|121.435605|31.239747|0.0|346.0|10|000
25955|A|0|0|0|0|0|1|2016-03-02 03:07:10|2016-03-02 03:06:55|121.459073|31.252435|11.8|6.0|9|070|A|0|1|1|0|0|2|2016-03-02 03:07:32|2016-03-02 03:07:16|121.459232|31.256218|12.5|358.0|7|074
23320|A|0|0|0|0|0|1|2016-03-02 01:47:17|2016-03-02 01:47:02|121.465797|31.207447|8.0|71.0|7|008|A|0|1|1|0|0|2|2016-03-02 03:08:02|2016-03-02 03:07:47|121.465913|31.207520|2.0|105.0|6|000
20578|A|0|0|0|0|0|1|2016-03-02 02:45:01|2016-03-02 02:44:45|121.687697|31.210908|10.4|80.0|9|008|A|0|1|1|0|1|2|2016-03-02 03:08:05|2016-03-02 03:07:50|121.702507|31.095223|0.0|269.0|8|000
25955|A|0|0|0|0|0|1|2016-03-02 03:07:49|2016-03-02 03:07:34|121.459013|31.259525|12.0|346.0|10|071|A|0|1|1|0|0|2|2016-03-02 03:08:06|2016-03-02 03:07:49|121.457682|31.261958|11.9|320.0|9|071
23304|A|0|0|0|0|0|1|2016-03-02 02:51:22|2016-03-02 02:51:07|121.470997|31.224545|14.2|53.0|7|011|A|0|1|1|0|1|2|2016-03-02 03:08:11|2016-03-02 03:07:56|121.503845|31.274747|0.0|347.0|7|000
25815|A|0|0|0|0|0|1|2016-03-02 02:48:03|2016-03-02 02:47:48|121.541172|31.235797|7.6|158.0|9|006|A|0|1|1|0|0|2|2016-03-02 03:08:17|2016-03-02 03:08:02|121.493948|31.148187|33.8|159.0|8|034
26355|A|0|0|0|0|0|1|2016-03-02 02:56:28|2016-03-02 02:56:13|121.442493|31.207397|6.0|213.0|9|000|A|0|1|1|0|0|2|2016-03-02 03:08:27|2016-03-02 03:08:11|121.424855|31.143095|0.0|159.0|8|000
23087|A|0|0|0|0|0|1|2016-03-02 02:59:09|2016-03-02 02:58:54|121.480650|31.208982|23.2|76.0|8|020|A|0|1|1|0|0|2|2016-03-02 03:08:28|2016-03-02 03:08:13|121.487877|31.225732|4.3|206.0|8|009
23611|A|0|0|0|0|0|1|2016-03-02 03:04:57|2016-03-02 03:04:42|121.467128|31.201240|17.4|3.0|7|012|A|0|1|1|0|0|2|2016-03-02 03:08:42|2016-03-02 03:08:27|121.467340|31.207062|0.0|236.0|5|000
26401|A|0|0|0|0|0|1|2016-03-02 02:59:10|2016-03-02 02:58:55|121.457168|31.232395|14.5|297.0|6|008|A|0|1|1|0|0|2|2016-03-02 03:08:43|2016-03-02 03:08:28|121.450602|31.273258|0.0|254.0|7|000
23611|A|0|0|0|0|0|1|2016-03-02 03:08:43|2016-03-02 03:08:28|121.467340|31.207062|0.0|146.0|5|000|A|0|1|1|0|0|2|2016-03-02 03:08:45|2016-03-02 03:08:30|121.467340|31.207062|0.0|146.0|5|000
26152|A|0|0|1|0|0|1|2016-03-02 03:00:08|2016-03-02 02:59:52|121.475218|31.226803|11.7|178.0|10|009|A|0|1|1|0|1|2|2016-03-02 03:08:47|2016-03-02 03:08:32|121.447662|31.218802|0.0|120.0|10|000
23644|A|0|0|0|0|0|1|2016-03-02 03:05:56|2016-03-02 03:05:40|121.461825|31.206712|34.2|231.0|8|033|A|0|1|1|0|0|2|2016-03-02 03:08:51|2016-03-02 03:08:36|121.448595|31.196745|0.0|252.0|7|000
25943|A|0|0|0|0|0|1|2016-03-02 03:00:54|2016-03-02 03:00:39|121.535232|31.247683|0.0|243.0|8|000|A|0|1|1|0|1|2|2016-03-02 03:08:58|2016-03-02 03:08:43|121.513817|31.231510|0.0|120.0|10|000
20632|A|0|0|0|0|0|1|2016-03-02 02:56:46|2016-03-02 02:56:31|121.457960|31.254043|18.9|87.0|9|018|A|0|1|0|0|0|2|2016-03-02 03:09:19|2016-03-02 03:09:03|121.502027|31.270418|9.3|359.0|10|009
25697|A|0|0|0|0|0|1|2016-03-02 03:02:35|2016-03-02 03:02:20|121.473202|31.262537|0.0|133.0|10|005|A|0|1|1|0|0|2|2016-03-02 03:09:19|2016-03-02 03:09:04|121.484067|31.255192|0.0|93.0|9|000
30021|A|0|0|0|0|0|1|2016-03-02 02:30:23|2016-03-02 02:30:08|121.589732|31.218233|0.0|152.0|9|000|A|0|1|1|0|0|2|2016-03-02 03:09:21|2016-03-02 03:09:06|121.378333|31.160770|0.0|159.0|9|000
20566|A|0|0|0|0|0|1|2016-03-02 02:54:44|2016-03-02 02:54:29|121.477135|31.227280|20.9|160.0|9|000|A|0|1|0|0|0|2|2016-03-02 03:09:43|2016-03-02 03:09:28|121.447147|31.261825|29.7|67.0|9|026
26181|A|0|0|0|0|0|1|2016-03-02 03:02:42|2016-03-02 03:02:27|121.457770|31.233008|12.7|296.0|9|010|A|0|1|1|0|1|2|2016-03-02 03:09:47|2016-03-02 03:09:32|121.442160|31.246760|50.9|257.0|9|049
23571|A|0|0|0|0|1|1|2016-03-02 02:55:14|2016-03-02 02:54:59|121.469803|31.285717|3.6|0.0|9|004|A|0|1|0|0|1|2|2016-03-02 03:09:48|2016-03-02 03:09:33|121.502022|31.256765|0.0|82.0|8|000
25840|A|0|0|0|0|0|1|2016-03-02 02:26:44|2016-03-02 02:26:29|121.450655|31.249245|14.2|127.0|6|016|A|0|1|1|0|0|2|2016-03-02 03:10:01|2016-03-02 03:09:45|121.560133|31.087403|0.0|62.0|9|000
23857|A|0|0|0|0|0|1|2016-03-02 03:03:36|2016-03-02 03:03:21|121.449752|31.233125|18.9|343.0|8|012|A|0|1|0|0|0|2|2016-03-02 03:10:39|2016-03-02 03:10:23|121.425088|31.236328|0.0|4.0|3|000
23857|A|0|0|0|0|0|1|2016-03-02 03:10:42|2016-03-02 03:10:26|121.425088|31.236328|0.0|4.0|2|000|A|0|1|1|0|0|2|2016-03-02 03:10:43|2016-03-02 03:10:27|121.425088|31.236328|0.0|4.0|4|000
25746|A|0|0|0|0|0|1|2016-03-02 02:58:21|2016-03-02 02:58:06|121.445528|31.228195|12.1|151.0|5|008|A|0|1|1|0|0|2|2016-03-02 03:10:46|2016-03-02 03:10:31|121.436430|31.195692|0.0|192.0|6|000
27808|A|0|0|1|0|0|1|2016-03-02 03:10:56|2016-03-02 03:08:24|121.334208|31.094833|26.0|67.0|10|026|A|0|1|1|0|0|2|2016-03-02 03:10:56|2016-03-02 03:07:34|121.333367|31.094520|19.0|67.0|10|018
26254|A|0|0|0|0|0|1|2016-03-02 03:06:13|2016-03-02 03:05:58|121.435998|31.322303|22.5|175.0|10|020|A|0|1|1|0|0|2|2016-03-02 03:11:01|2016-03-02 03:10:46|121.441943|31.307303|11.1|83.0|9|011
25981|A|0|0|0|0|1|1|2016-03-02 03:00:12|2016-03-02 02:59:57|121.383402|31.216478|0.0|103.0|10|000|A|0|1|1|0|1|2|2016-03-02 03:11:02|2016-03-02 03:10:47|121.425975|31.213997|0.0|39.0|7|000
26238|A|0|0|0|0|1|1|2016-03-02 02:55:32|2016-03-02 02:55:17|121.475273|31.227430|4.3|263.0|6|000|A|0|1|1|0|1|2|2016-03-02 03:11:06|2016-03-02 03:10:51|121.417700|31.206410|0.0|303.0|6|000
26198|A|0|0|0|0|0|1|2016-03-02 03:03:42|2016-03-02 03:03:27|121.447523|31.276180|9.1|111.0|7|008|A|0|1|0|0|1|2|2016-03-02 03:11:24|2016-03-02 03:11:09|121.462053|31.263463|0.0|136.0|8|000
25863|A|0|0|0|0|0|1|2016-03-02 02:51:29|2016-03-02 02:51:13|121.457748|31.233225|8.8|300.0|9|008|A|0|1|0|0|1|2|2016-03-02 03:11:35|2016-03-02 03:11:19|121.390727|31.249140|0.0|267.0|9|000
10887|A|0|0|0|0|0|1|2016-03-02 03:02:01|2016-03-02 03:01:46|121.442955|31.222960|22.2|67.0|6|014|A|0|1|1|0|1|2|2016-03-02 03:11:35|2016-03-02 03:11:20|121.442590|31.255088|4.9|291.0|6|004
23746|A|0|0|0|0|0|1|2016-03-02 02:53:18|2016-03-02 02:53:03|121.452523|31.232467|25.9|143.0|6|017|A|0|1|1|0|0|2|2016-03-02 03:11:41|2016-03-02 03:11:26|121.408878|31.192497|3.2|1.0|9|000
20639|A|0|0|0|0|1|1|2016-03-02 03:06:42|2016-03-02 03:05:47|121.454598|31.336090|40.0|340.0|9|040-|A|0|1|1|0|1|2|2016-03-02 03:12:01|2016-03-02 03:11:42|121.482148|31.348070|15.0|163.0|9|015-
26157|A|0|0|0|0|0|1|2016-03-02 03:04:37|2016-03-02 03:04:22|121.444493|31.213655|10.8|31.0|7|000|A|0|1|1|0|0|2|2016-03-02 03:12:01|2016-03-02 03:11:45|121.475052|31.227465|14.2|62.0|9|011
25738|A|0|0|5|0|0|1|2016-03-02 02:58:23|2016-03-02 02:58:07|121.444737|31.214035|9.9|30.0|10|009|A|0|1|5|0|0|2|2016-03-02 03:12:03|2016-03-02 03:11:48|121.397305|31.252228|0.0|9.0|8|000
23422|A|0|0|0|0|0|1|2016-03-02 03:02:32|2016-03-02 03:02:17|121.402642|31.325263|34.4|357.0|9|033|A|0|1|1|0|0|2|2016-03-02 03:12:06|2016-03-02 03:11:51|121.431733|31.325518|0.0|76.0|9|000
20695|A|0|0|0|0|0|1|2016-03-02 03:02:50|2016-03-02 03:02:35|121.446318|31.211097|28.7|297.0|10|028|A|0|1|1|0|1|2|2016-03-02 03:12:07|2016-03-02 03:11:51|121.443720|31.194150|0.0|236.0|7|000
23477|A|0|0|0|0|0|1|2016-03-02 02:54:38|2016-03-02 02:54:23|121.550123|31.256202|18.3|210.0|8|017|A|0|1|1|0|0|2|2016-03-02 03:12:11|2016-03-02 03:11:55|121.449707|31.246867|0.0|358.0|7|000
20535|A|0|0|1|0|0|1|2016-03-02 03:05:19|2016-03-02 03:05:03|121.478925|31.263605|14.0|198.0|8|012|A|0|1|1|0|1|2|2016-03-02 03:12:11|2016-03-02 03:11:56|121.466632|31.240585|0.0|55.0|4|000
23596|A|0|0|0|0|0|1|2016-03-02 03:12:05|2016-03-02 03:11:50|121.479050|31.223577|0.0|235.0|9|000|A|0|1|1|0|0|2|2016-03-02 03:12:12|2016-03-02 03:11:57|121.479050|31.223577|0.0|235.0|9|000
23659|A|0|0|0|0|0|1|2016-03-02 03:05:32|2016-03-02 03:05:17|121.387122|31.214695|33.8|178.0|8|026|A|0|1|1|0|0|2|2016-03-02 03:12:19|2016-03-02 03:12:04|121.371740|31.213727|0.0|176.0|9|000
26313|A|0|0|0|0|0|1|2016-03-02 03:12:12|2016-03-02 03:11:56|121.452857|31.217815|4.9|99.0|6|002|A|0|1|1|0|0|2|2016-03-02 03:12:21|2016-03-02 03:12:05|121.452915|31.217863|3.6|79.0|7|001
20604|A|0|0|3|0|0|1|2016-03-02 02:45:01|2016-03-02 02:44:44|121.529327|31.301032|16.0|235.0|11|013|A|0|1|3|0|0|2|2016-03-02 03:12:22|2016-03-02 03:12:07|121.477458|31.170728|0.0|171.0|9|000
23425|A|0|0|0|0|0|1|2016-03-02 03:05:51|2016-03-02 03:05:36|121.510042|31.305058|13.7|330.0|8|013|A|0|1|1|0|0|2|2016-03-02 03:12:47|2016-03-02 03:12:32|121.506177|31.283055|0.0|79.0|9|000
23471|A|0|0|0|0|0|1|2016-03-02 03:00:37|2016-03-02 03:00:22|121.471077|31.224507|0.0|57.0|9|000|A|0|1|1|0|0|2|2016-03-02 03:12:48|2016-03-02 03:12:33|121.439060|31.202612|0.0|326.0|8|000
25925|A|0|0|1|0|0|1|2016-03-02 03:11:40|2016-03-02 03:11:24|121.450697|31.254468|12.4|344.0|10|011|A|0|1|1|0|0|2|2016-03-02 03:12:51|2016-03-02 03:12:36|121.447482|31.254730|0.0|271.0|9|000
26304|A|0|0|0|0|0|1|2016-03-02 03:01:56|2016-03-02 03:01:41|121.415165|31.203740|0.0|268.0|9|000|A|0|1|1|0|0|2|2016-03-02 03:12:55|2016-03-02 03:12:39|121.374920|31.193890|0.0|281.0|8|000
10940|A|0|0|0|0|0|1|2016-03-02 03:05:01|2016-03-02 03:04:46|121.476743|31.225667|12.9|335.0|6|012|A|0|1|1|0|1|2|2016-03-02 03:12:57|2016-03-02 03:12:33|121.475540|31.228797|0.0|19.0|8|000
23856|A|0|0|0|0|0|1|2016-03-02 02:59:13|2016-03-02 02:58:58|121.401175|31.144382|24.5|335.0|8|023|A|0|1|1|0|0|2|2016-03-02 03:12:58|2016-03-02 03:12:43|121.370692|31.212792|0.0|288.0|6|000
26304|A|0|0|0|0|0|1|2016-03-02 03:12:56|2016-03-02 03:12:40|121.374920|31.193890|0.0|281.0|8|000|A|0|1|1|0|0|2|2016-03-02 03:12:58|2016-03-02 03:12:42|121.374920|31.193890|0.0|281.0|8|000
23856|A|0|0|0|0|0|1|2016-03-02 03:12:59|2016-03-02 03:12:44|121.370692|31.212792|0.0|288.0|7|000|A|0|1|1|0|0|2|2016-03-02 03:13:01|2016-03-02 03:12:45|121.370692|31.212792|0.0|288.0|6|000
25732|A|0|0|0|0|0|1|2016-03-02 03:01:44|2016-03-02 03:01:29|121.476213|31.226550|22.4|341.0|8|023|A|0|1|1|0|0|2|2016-03-02 03:13:01|2016-03-02 03:12:45|121.446160|31.260442|0.0|157.0|6|000
23423|A|0|0|0|0|0|1|2016-03-02 03:12:31|2016-03-02 03:12:16|121.434285|31.191017|0.0|68.0|5|000|A|0|1|1|0|0|2|2016-03-02 03:13:05|2016-03-02 03:12:50|121.433618|31.191393|27.5|317.0|7|016
26360|A|0|0|0|0|0|1|2016-03-02 03:07:42|2016-03-02 03:07:27|121.417733|31.285747|22.3|329.0|7|017|A|0|1|1|0|0|2|2016-03-02 03:13:07|2016-03-02 03:12:52|121.421283|31.295098|0.0|93.0|7|000
23557|A|0|0|0|0|0|1|2016-03-02 02:39:58|2016-03-02 02:39:43|121.437872|31.208803|10.8|218.0|8|007|A|0|1|5|0|0|2|2016-03-02 03:13:19|2016-03-02 03:13:04|121.493328|31.265607|0.0|27.0|6|000
20607|A|0|0|0|0|0|1|2016-03-02 02:56:33|2016-03-02 02:56:18|121.497757|31.276315|13.3|305.0|10|013|A|0|1|1|0|1|2|2016-03-02 03:13:21|2016-03-02 03:13:06|121.477178|31.228180|0.0|243.0|8|000
26144|A|0|0|0|0|0|1|2016-03-02 03:06:01|2016-03-02 03:05:45|121.505468|31.290767|13.7|20.0|7|014|A|0|1|1|0|1|2|2016-03-02 03:13:32|2016-03-02 03:13:17|121.499160|31.308953|0.0|330.0|7|000
20700|A|0|0|1|0|0|1|2016-03-02 02:40:27|2016-03-02 02:40:11|121.399303|31.192463|31.3|1.0|8|028|A|0|1|1|0|0|2|2016-03-02 03:13:32|2016-03-02 03:13:17|121.451292|31.322623|0.0|359.0|4|001
20584|A|0|0|0|0|0|1|2016-03-02 02:58:59|2016-03-02 02:58:44|121.451000|31.247077|26.3|5.0|7|025|A|0|1|1|0|1|2|2016-03-02 03:13:38|2016-03-02 03:13:23|121.427857|31.205850|0.0|137.0|7|000
23781|A|0|0|0|0|0|1|2016-03-02 03:05:46|2016-03-02 03:05:31|121.429838|31.239628|31.5|66.0|7|028|A|0|1|1|0|0|2|2016-03-02 03:13:51|2016-03-02 03:13:36|121.421500|31.247002|0.0|208.0|4|002
26373|A|0|0|0|0|0|1|2016-03-02 03:02:51|2016-03-02 03:02:35|121.510740|31.305352|3.1|158.0|5|003|A|0|1|1|0|0|2|2016-03-02 03:13:55|2016-03-02 03:13:40|121.536765|31.260138|26.3|220.0|4|045
23391|A|0|0|0|0|0|1|2016-03-02 03:11:17|2016-03-02 03:11:02|121.407837|31.214247|22.4|109.0|8|012|A|0|1|1|0|0|2|2016-03-02 03:14:09|2016-03-02 03:13:54|121.418138|31.213297|0.0|253.0|8|000
25780|A|0|0|0|0|0|1|2016-03-02 03:04:12|2016-03-02 03:03:57|121.479805|31.236317|13.4|248.0|6|013|A|0|1|1|0|1|2|2016-03-02 03:14:16|2016-03-02 03:14:01|121.519708|31.236077|0.0|314.0|8|000
26030|A|0|0|0|0|0|1|2016-03-02 02:51:22|2016-03-02 02:51:07|121.438387|31.246048|9.9|255.0|6|007|A|0|1|1|0|0|2|2016-03-02 03:14:18|2016-03-02 03:14:03|121.495537|31.237542|9.1|32.0|6|013
26209|A|0|0|0|0|0|1|2016-03-02 03:06:10|2016-03-02 03:05:55|121.470125|31.285833|20.9|92.0|9|018|A|0|1|1|0|1|2|2016-03-02 03:14:37|2016-03-02 03:14:20|121.482148|31.252493|4.9|156.0|6|008
25865|A|0|0|0|0|0|1|2016-03-02 03:07:30|2016-03-02 03:07:15|121.413455|31.200128|16.3|353.0|9|010|A|0|1|1|0|1|2|2016-03-02 03:14:38|2016-03-02 03:14:23|121.404883|31.208052|5.2|264.0|7|012
25753|A|0|0|0|0|0|1|2016-03-02 02:58:26|2016-03-02 02:58:11|121.441713|31.265125|0.0|268.0|7|000|A|0|1|1|0|0|2|2016-03-02 03:14:40|2016-03-02 03:14:25|121.506878|31.278940|0.0|6.0|7|000
23385|A|0|0|0|0|0|1|2016-03-02 03:10:08|2016-03-02 03:09:53|121.454232|31.258885|16.8|83.0|9|017|A|0|1|1|0|1|2|2016-03-02 03:14:54|2016-03-02 03:14:39|121.463967|31.263533|0.0|75.0|9|000
25835|A|0|0|0|0|1|1|2016-03-02 02:40:51|2016-03-02 02:40:35|121.469930|31.285632|8.4|25.0|10|000|A|0|1|1|0|1|2|2016-03-02 03:15:04|2016-03-02 03:14:49|121.305347|31.290460|0.0|344.0|9|000
23833|A|0|0|0|0|0|1|2016-03-02 03:10:07|2016-03-02 03:09:52|121.217033|31.036117|5.8|169.0|9|004|A|0|1|0|0|0|2|2016-03-02 03:15:07|2016-03-02 03:14:52|121.223347|31.014105|0.0|189.0|9|000
11786|A|0|0|0|0|0|1|2016-03-02 02:18:02|2016-03-02 02:17:46|121.386152|31.207792|23.4|45.0|10|022|A|0|1|1|0|0|2|2016-03-02 03:15:15|2016-03-02 03:14:59|121.462275|31.228045|8.7|136.0|8|007
23830|A|0|0|0|0|0|1|2016-03-02 03:04:29|2016-03-02 03:04:14|121.387903|31.257513|13.2|300.0|9|009|A|0|1|1|0|0|2|2016-03-02 03:15:15|2016-03-02 03:15:00|121.343127|31.283503|0.0|95.0|8|000
26298|A|0|0|0|0|0|1|2016-03-02 03:05:51|2016-03-02 03:05:36|121.438713|31.238205|0.0|88.0|9|000|A|0|1|1|0|0|2|2016-03-02 03:15:16|2016-03-02 03:15:01|121.421893|31.228813|0.0|284.0|6|000
23390|A|0|0|0|0|0|1|2016-03-02 03:09:27|2016-03-02 03:09:12|121.363057|31.350180|0.0|230.0|9|000|A|0|1|1|0|0|2|2016-03-02 03:15:29|2016-03-02 03:15:14|121.348523|31.350858|2.7|337.0|9|000
25735|A|0|0|0|0|0|1|2016-03-02 03:10:46|2016-03-02 03:10:31|121.438180|31.238285|8.0|102.0|7|006|A|0|1|1|0|0|2|2016-03-02 03:15:33|2016-03-02 03:15:18|121.438717|31.238217|2.7|130.0|7|000
25951|A|0|0|0|0|0|1|2016-03-02 03:11:28|2016-03-02 03:11:13|121.398692|31.246648|4.9|263.0|9|026|A|0|1|0|0|1|2|2016-03-02 03:15:46|2016-03-02 03:15:30|121.380193|31.252893|0.0|26.0|9|000
23633|A|0|0|0|0|0|1|2016-03-02 03:09:28|2016-03-02 03:09:13|121.447805|31.218877|0.0|105.0|8|000|A|0|1|1|0|0|2|2016-03-02 03:15:56|2016-03-02 03:15:41|121.442887|31.241822|0.0|341.0|8|000
18024|A|0|0|5|0|0|1|2016-03-02 03:15:58|2016-03-02 03:15:21|121.508553|31.268655|0.0|241.0|5|000|A|0|1|5|0|0|2|2016-03-02 03:15:58|2016-03-02 03:15:01|121.508553|31.268655|0.0|241.0|6|000
23403|A|0|0|0|0|0|1|2016-03-02 03:06:56|2016-03-02 03:06:41|121.455105|31.265327|33.9|185.0|7|014|A|0|1|1|0|1|2|2016-03-02 03:16:01|2016-03-02 03:15:46|121.475882|31.267738|0.0|296.0|8|000
23308|A|0|0|1|0|0|1|2016-03-02 02:57:49|2016-03-02 02:57:33|121.506972|31.253878|15.6|226.0|6|012|A|0|1|1|0|1|2|2016-03-02 03:16:02|2016-03-02 03:15:47|121.423457|31.278647|0.0|314.0|7|000
20603|A|0|0|0|0|0|1|2016-03-02 02:57:26|2016-03-02 02:56:46|121.495313|31.271557|15.3|300.0|7|011|A|0|1|1|0|0|2|2016-03-02 03:16:08|2016-03-02 03:15:53|121.480583|31.232340|0.0|88.0|6|000
26135|A|0|0|0|0|0|1|2016-03-02 03:01:42|2016-03-02 03:01:27|121.526535|31.168785|8.8|245.0|10|008|A|0|1|0|0|1|2|2016-03-02 03:16:12|2016-03-02 03:15:56|121.522742|31.130720|0.0|156.0|10|000
26190|A|0|0|0|0|0|1|2016-03-02 02:50:20|2016-03-02 02:50:05|121.453085|31.242882|17.1|148.0|7|017|A|0|1|1|0|1|2|2016-03-02 03:16:13|2016-03-02 03:15:58|121.383838|31.172855|0.0|11.0|7|000
17989|A|0|0|5|0|0|1|2016-03-02 01:57:54|2016-03-02 01:57:20|121.349252|31.249310|14.0|208.0|3|014-|A|0|1|1|0|0|2|2016-03-02 03:16:27|2016-03-02 03:16:12|121.348883|31.248935|0.0|156.0|4|002
23712|A|0|0|0|0|0|1|2016-03-02 03:04:11|2016-03-02 03:03:56|121.362028|31.182862|16.3|60.0|9|013|A|0|1|1|0|0|2|2016-03-02 03:16:44|2016-03-02 03:12:49|121.381082|31.205587|0.0|261.0|9|000
20663|A|0|0|2|0|0|1|2016-03-02 02:22:37|2016-03-02 02:22:22|121.471698|31.288367|10.5|93.0|7|004|A|0|1|1|0|0|2|2016-03-02 03:16:44|2016-03-02 03:16:29|121.760743|31.047312|0.0|99.0|7|000
25900|A|0|0|0|0|0|1|2016-03-02 02:59:47|2016-03-02 02:59:32|121.513782|31.212117|15.5|298.0|8|014|A|0|1|1|0|1|2|2016-03-02 03:16:52|2016-03-02 03:16:37|121.560607|31.174463|0.0|338.0|8|000
26258|A|0|0|0|0|0|1|2016-03-02 03:04:03|2016-03-02 03:03:48|121.424330|31.156155|3.9|95.0|4|003|A|0|1|1|0|1|2|2016-03-02 03:17:04|2016-03-02 03:16:49|121.344207|31.157093|14.4|244.0|7|015
25863|A|0|0|0|0|0|1|2016-03-02 03:14:56|2016-03-02 03:14:40|121.397530|31.249155|18.8|172.0|10|014|A|0|1|1|0|1|2|2016-03-02 03:17:05|2016-03-02 03:16:50|121.404227|31.247845|2.1|353.0|10|000
25813|A|0|0|0|0|0|1|2016-03-02 03:10:49|2016-03-02 03:10:34|121.472405|31.216983|16.8|131.0|6|012|A|0|1|1|0|0|2|2016-03-02 03:17:15|2016-03-02 03:17:00|121.466927|31.221047|0.0|199.0|6|000
25973|A|0|0|0|0|0|1|2016-03-02 02:55:59|2016-03-02 02:55:44|121.474378|31.271403|10.4|206.0|4|006|A|0|1|1|0|0|2|2016-03-02 03:17:16|2016-03-02 03:17:01|121.465195|31.206352|0.0|303.0|5|000
14313|A|0|0|0|0|0|1|2016-03-02 03:17:21|2016-03-02 03:16:03|121.388713|31.217435|0.0|57.0|8|000|A|0|1|1|0|0|2|2016-03-02 03:17:21|2016-03-02 03:16:41|121.388627|31.217548|17.0|335.0|9|011
23009|A|0|0|0|0|0|1|2016-03-02 02:58:52|2016-03-02 02:58:37|121.504383|31.274415|40.7|54.0|7|038|A|0|1|1|0|0|2|2016-03-02 03:17:29|2016-03-02 03:17:14|121.537513|31.323567|0.0|97.0|7|000
26288|A|0|0|0|0|0|1|2016-03-02 02:48:32|2016-03-02 02:48:17|121.449952|31.221990|16.4|338.0|9|011|A|0|1|1|0|0|2|2016-03-02 03:17:39|2016-03-02 03:17:24|121.503422|31.138405|0.0|267.0|9|000
26002|A|0|0|0|0|0|1|2016-03-02 03:09:56|2016-03-02 03:09:41|121.407928|31.230880|38.3|180.0|6|031|A|0|1|1|0|1|2|2016-03-02 03:17:40|2016-03-02 03:17:25|121.406525|31.201828|0.0|184.0|7|000
26309|A|0|0|0|0|0|1|2016-03-02 02:48:21|2016-03-02 02:48:06|121.450488|31.249190|18.9|105.0|6|026|A|0|1|1|0|0|2|2016-03-02 03:17:44|2016-03-02 03:17:29|121.233255|31.361517|8.8|243.0|8|010
26225|A|0|0|0|0|0|1|2016-03-02 02:58:23|2016-03-02 02:58:08|121.508537|31.276845|24.5|224.0|9|022|A|0|1|1|0|1|2|2016-03-02 03:18:09|2016-03-02 03:17:54|121.530355|31.201473|0.0|278.0|5|000
20597|A|0|0|0|0|0|1|2016-03-02 03:09:28|2016-03-02 03:08:34|121.455668|31.264545|57.0|340.0|0|057-|A|0|1|1|0|0|2|2016-03-02 03:18:26|2016-03-02 03:18:03|121.430652|31.357628|63.0|319.0|9|063
23894|A|0|0|0|0|0|1|2016-03-02 03:16:11|2016-03-02 03:15:56|121.420102|31.205592|18.6|114.0|8|018|A|0|1|1|0|0|2|2016-03-02 03:18:28|2016-03-02 03:18:13|121.412982|31.201442|0.0|216.0|7|000
20659|A|0|0|0|0|0|1|2016-03-02 03:13:04|2016-03-02 03:12:47|121.369213|31.171575|32.6|72.0|10|032|A|0|1|0|0|0|2|2016-03-02 03:18:33|2016-03-02 03:18:17|121.376498|31.187877|12.9|59.0|10|012
23589|A|0|0|0|0|0|1|2016-03-02 03:14:42|2016-03-02 03:14:27|121.464995|31.260563|14.5|136.0|8|014|A|0|1|1|0|1|2|2016-03-02 03:18:33|2016-03-02 03:18:18|121.475408|31.258152|0.0|62.0|8|000
23413|A|0|0|2|0|0|1|2016-03-02 03:05:55|2016-03-02 03:05:34|121.440163|31.378418|13.2|64.0|9|012|A|0|1|1|0|0|2|2016-03-02 03:18:34|2016-03-02 03:18:19|121.464987|31.321582|0.0|77.0|7|000
23725|A|0|0|0|0|0|1|2016-03-02 02:58:56|2016-03-02 02:58:41|121.438215|31.221415|37.9|60.0|6|046|A|0|1|1|0|0|2|2016-03-02 03:18:52|2016-03-02 03:18:37|121.376193|31.157345|0.0|239.0|6|000
23725|A|0|0|0|0|0|1|2016-03-02 03:18:55|2016-03-02 03:18:39|121.376193|31.157345|0.0|239.0|6|000|A|0|1|1|0|0|2|2016-03-02 03:18:56|2016-03-02 03:18:41|121.376193|31.157345|0.0|239.0|5|000
20667|A|0|0|0|0|0|1|2016-03-02 03:09:48|2016-03-02 03:09:33|121.465903|31.321870|17.3|255.0|6|018|A|0|1|1|0|1|2|2016-03-02 03:19:01|2016-03-02 03:18:46|121.420315|31.305007|0.0|276.0|8|000
25856|A|0|0|0|0|0|1|2016-03-02 03:03:02|2016-03-02 03:02:47|121.367488|31.178145|15.6|69.0|8|015|A|0|1|1|0|1|2|2016-03-02 03:19:04|2016-03-02 03:18:49|121.376998|31.139557|0.0|276.0|7|000
20587|A|0|0|0|0|1|1|2016-03-02 03:09:58|2016-03-02 03:09:12|121.474883|31.227263|6.0|239.0|8|005|A|0|1|1|0|0|2|2016-03-02 03:19:05|2016-03-02 03:18:50|121.462255|31.202725|19.9|240.0|8|018
23835|A|0|0|0|0|0|1|2016-03-02 03:09:59|2016-03-02 03:09:44|121.458582|31.254133|27.8|294.0|7|007|A|0|1|1|0|0|2|2016-03-02 03:19:19|2016-03-02 03:19:04|121.416817|31.235757|26.3|154.0|6|030
25852|A|0|0|0|0|0|1|2016-03-02 03:02:59|2016-03-02 03:02:44|121.411940|31.220122|23.6|12.0|4|005|A|0|1|0|0|1|2|2016-03-02 03:19:22|2016-03-02 03:18:46|121.448482|31.190027|0.0|224.0|7|000
26254|A|0|0|1|0|0|1|2016-03-02 03:19:23|2016-03-02 03:19:07|121.436107|31.321458|0.0|11.0|9|000|A|0|1|5|0|0|2|2016-03-02 03:19:25|2016-03-02 03:19:10|121.436107|31.321458|0.0|11.0|10|000
25835|A|0|0|1|0|0|1|2016-03-02 03:17:38|2016-03-02 03:17:22|121.309585|31.290487|18.5|265.0|9|017|A|0|1|1|0|1|2|2016-03-02 03:19:29|2016-03-02 03:19:14|121.304980|31.292410|0.0|62.0|8|000
23404|A|0|0|1|0|0|1|2016-03-02 03:14:44|2016-03-02 03:14:28|121.365265|31.178778|19.9|84.0|9|020|A|0|1|1|0|1|2|2016-03-02 03:19:37|2016-03-02 03:19:21|121.385877|31.179377|0.0|138.0|9|000
20632|A|0|0|0|0|0|1|2016-03-02 03:14:48|2016-03-02 03:14:33|121.514533|31.272132|21.3|300.0|9|020|A|0|1|1|0|0|2|2016-03-02 03:19:40|2016-03-02 03:17:17|121.508973|31.279380|0.0|57.0|9|000
10162|A|0|0|0|0|0|1|2016-03-02 02:45:58|2016-03-02 02:45:42|121.514265|31.218300|26.6|175.0|11|000|A|0|1|1|0|1|2|2016-03-02 03:19:54|2016-03-02 03:19:39|121.392323|31.051528|5.6|164.0|9|004
26130|A|0|0|0|0|0|1|2016-03-02 02:33:47|2016-03-02 02:33:32|121.530917|31.272227|25.7|239.0|9|024|A|0|1|1|0|0|2|2016-03-02 03:19:58|2016-03-02 03:19:43|121.494830|31.222940|0.0|267.0|9|000
23874|A|0|0|0|0|0|1|2016-03-02 02:54:36|2016-03-02 02:54:20|121.461102|31.232785|13.8|76.0|8|000|A|0|1|1|0|0|2|2016-03-02 03:20:01|2016-03-02 03:12:54|121.382708|31.208058|0.0|358.0|9|000
23684|A|0|0|0|0|0|1|2016-03-02 02:52:40|2016-03-02 02:52:25|121.461933|31.229600|18.9|86.0|10|017|A|0|1|0|0|0|2|2016-03-02 03:20:06|2016-03-02 03:19:51|121.525610|31.190387|0.0|266.0|9|000
26209|A|0|0|0|0|0|1|2016-03-02 03:15:32|2016-03-02 03:15:17|121.482327|31.252645|26.5|32.0|7|023|A|0|1|1|0|1|2|2016-03-02 03:20:07|2016-03-02 03:19:52|121.490445|31.251087|0.0|188.0|7|000
16606|A|0|0|0|0|0|1|2016-03-02 02:32:01|2016-03-02 02:31:46|121.474367|31.227405|14.0|252.0|7|011|A|0|1|0|0|0|2|2016-03-02 03:20:13|2016-03-02 03:19:47|121.384577|31.205622|0.0|136.0|8|000
23383|A|0|0|0|0|0|1|2016-03-02 03:07:51|2016-03-02 03:07:36|121.419972|31.220832|14.2|85.0|10|005|A|0|1|1|0|0|2|2016-03-02 03:20:14|2016-03-02 03:19:59|121.456878|31.222952|0.0|75.0|8|000
16606|A|0|0|0|0|0|1|2016-03-02 03:20:13|2016-03-02 03:19:37|121.384577|31.205622|0.0|136.0|8|000|A|0|1|1|0|0|2|2016-03-02 03:20:16|2016-03-02 03:20:00|121.384577|31.205622|0.0|136.0|8|000
20560|A|0|0|0|0|0|1|2016-03-02 03:08:01|2016-03-02 03:07:44|121.472045|31.210875|12.8|338.0|7|007|A|0|1|1|0|1|2|2016-03-02 03:20:40|2016-03-02 03:20:25|121.516667|31.240148|3.9|352.0|7|007
25442|A|0|0|1|0|1|1|2016-03-02 03:10:34|2016-03-02 03:09:48|121.382188|31.207113|33.6|167.0|5|036|A|0|1|0|0|1|2|2016-03-02 03:20:44|2016-03-02 03:20:00|121.369790|31.212103|0.0|55.0|3|005
23334|A|0|0|0|0|0|1|2016-03-02 03:05:41|2016-03-02 03:05:26|121.469795|31.220993|17.2|330.0|10|014|A|0|1|0|0|0|2|2016-03-02 03:20:56|2016-03-02 03:20:40|121.507227|31.196330|0.0|67.0|9|000
26264|A|0|0|1|0|0|1|2016-03-02 03:06:01|2016-03-02 03:05:35|121.382668|31.206762|21.0|359.0|9|017|A|0|1|1|0|1|2|2016-03-02 03:20:58|2016-03-02 03:20:43|121.392693|31.248490|0.0|154.0|10|000
25981|A|0|0|0|0|1|1|2016-03-02 03:12:11|2016-03-02 03:11:56|121.426253|31.214625|0.0|34.0|8|007|A|0|1|1|0|1|2|2016-03-02 03:21:05|2016-03-02 03:20:50|121.428863|31.234113|0.0|53.0|8|000
20956|A|0|0|1|0|0|1|2016-03-02 03:21:15|2016-03-02 03:14:26|121.585478|31.341335|27.0|236.0|9|024|A|0|1|1|0|0|2|2016-03-02 03:21:15|2016-03-02 03:13:56|121.585625|31.341425|0.0|247.0|9|000
20956|A|0|0|1|0|0|1|2016-03-02 03:21:15|2016-03-02 03:14:36|121.584525|31.340927|40.0|243.0|8|040|A|0|1|1|0|0|2|2016-03-02 03:21:15|2016-03-02 03:14:16|121.585625|31.341425|0.0|247.0|9|000
20956|A|0|0|1|0|0|1|2016-03-02 03:21:15|2016-03-02 03:14:46|121.583645|31.340527|41.0|236.0|7|037|A|0|1|1|0|0|2|2016-03-02 03:21:15|2016-03-02 03:14:06|121.585625|31.341425|0.0|247.0|9|000
26291|A|0|0|0|0|0|1|2016-03-02 02:55:11|2016-03-02 02:54:56|121.489988|31.224205|18.7|274.0|9|017|A|0|1|1|0|0|2|2016-03-02 03:21:31|2016-03-02 03:21:15|121.492770|31.348640|0.0|72.0|9|000
20551|A|0|0|0|0|0|1|2016-03-02 03:00:18|2016-03-02 03:00:03|121.451258|31.203635|22.1|240.0|10|019|A|0|1|0|0|1|2|2016-03-02 03:21:33|2016-03-02 03:21:07|121.376953|31.189127|0.0|244.0|8|000
25863|A|0|0|0|0|0|1|2016-03-02 03:20:36|2016-03-02 03:20:21|121.404745|31.247368|20.9|89.0|9|020|A|0|1|0|0|1|2|2016-03-02 03:21:37|2016-03-02 03:21:21|121.413672|31.244122|0.0|140.0|9|000
25955|A|0|0|0|0|0|1|2016-03-02 03:08:26|2016-03-02 03:08:11|121.455380|31.265325|11.8|342.0|10|069|A|0|1|1|0|1|2|2016-03-02 03:21:53|2016-03-02 03:21:37|121.457248|31.341545|0.0|67.0|9|000
20603|A|0|0|1|0|0|1|2016-03-02 03:18:02|2016-03-02 03:17:47|121.479852|31.230895|14.5|202.0|7|007|A|0|1|1|0|0|2|2016-03-02 03:22:01|2016-03-02 03:21:45|121.476345|31.226422|0.0|359.0|8|000
26401|A|0|0|0|0|0|1|2016-03-02 03:12:46|2016-03-02 03:12:31|121.450647|31.273155|23.2|69.0|6|022|A|0|1|1|0|0|2|2016-03-02 03:22:01|2016-03-02 03:21:46|121.465608|31.273547|0.0|58.0|6|000
26391|A|0|0|V|0|0|1|2016-03-02 02:32:32|2016-03-02 02:32:10|121.441635|31.271712|12.7|65.0|0|000|A|0|1|5|0|0|2|2016-03-02 03:22:06|2016-03-02 03:21:51|121.484563|31.334477|0.0|92.0|3|000
26064|A|0|0|0|0|0|1|2016-03-02 03:14:33|2016-03-02 03:14:18|121.461242|31.232810|21.1|280.0|9|012|A|0|1|1|0|0|2|2016-03-02 03:22:12|2016-03-02 03:21:57|121.439628|31.236537|9.7|252.0|8|008
26308|A|0|0|0|0|0|1|2016-03-02 03:10:10|2016-03-02 03:09:55|121.438783|31.238067|8.9|118.0|8|006|A|0|1|1|0|0|2|2016-03-02 03:22:14|2016-03-02 03:21:59|121.418157|31.245455|18.4|228.0|10|006
23521|A|0|0|1|0|0|1|2016-03-02 02:55:14|2016-03-02 02:54:59|121.230760|31.008760|3.9|106.0|8|000|A|0|1|1|0|0|2|2016-03-02 03:22:24|2016-03-02 03:22:09|121.311725|30.878005|0.0|73.0|11|000
23461|A|0|0|0|0|0|1|2016-03-02 03:13:19|2016-03-02 03:13:04|121.394562|31.132765|14.5|322.0|5|012|A|0|1|1|0|0|2|2016-03-02 03:22:33|2016-03-02 03:22:18|121.413768|31.149465|0.0|98.0|6|000
26144|A|0|0|0|0|0|1|2016-03-02 03:17:31|2016-03-02 03:17:16|121.510852|31.313803|21.4|357.0|8|022|A|0|1|1|0|1|2|2016-03-02 03:22:48|2016-03-02 03:22:33|121.524740|31.335978|0.0|354.0|8|000
17663|A|0|0|0|0|1|1|2016-03-02 03:22:49|2016-03-02 03:20:08|121.440723|31.323120|23.9|86.0|5|024|A|0|1|5|0|1|2|2016-03-02 03:22:49|2016-03-02 03:20:05|121.440462|31.323117|32.1|88.0|6|033
25881|A|0|0|0|0|0|1|2016-03-02 03:11:04|2016-03-02 03:10:49|121.426148|31.203512|19.2|332.0|7|015|A|0|1|1|0|0|2|2016-03-02 03:22:50|2016-03-02 03:22:35|121.380208|31.213888|0.0|6.0|7|000
26258|A|0|0|0|0|0|1|2016-03-02 03:20:44|2016-03-02 03:20:28|121.349602|31.158465|20.3|81.0|7|019|A|0|1|1|0|1|2|2016-03-02 03:22:58|2016-03-02 03:22:43|121.365593|31.159950|0.0|107.0|8|000
23693|A|0|0|0|0|0|1|2016-03-02 03:04:49|2016-03-02 03:04:31|121.530805|31.228038|6.9|124.0|7|004|A|0|1|1|0|1|2|2016-03-02 03:23:20|2016-03-02 03:23:05|121.427090|31.219792|0.0|86.0|5|001
11847|A|0|0|0|0|0|1|2016-03-02 03:12:24|2016-03-02 03:12:05|121.457058|31.232915|20.5|71.0|7|019|A|0|1|1|0|0|2|2016-03-02 03:23:23|2016-03-02 03:23:08|121.480768|31.204372|0.0|338.0|8|000
13499|A|0|0|0|0|1|1|2016-03-02 03:23:25|2016-03-02 03:20:10|121.264965|31.094887|2.0|153.0|8|000|A|0|1|1|0|1|2|2016-03-02 03:23:25|2016-03-02 03:22:42|121.261358|31.094505|0.0|244.0|8|000
23522|A|0|0|0|0|0|1|2016-03-02 03:09:42|2016-03-02 03:09:27|121.529002|31.146545|4.9|179.0|10|006|A|0|1|1|0|1|2|2016-03-02 03:23:28|2016-03-02 03:23:13|121.585360|31.117918|0.0|344.0|8|000
18366|A|0|0|0|0|0|1|2016-03-02 03:22:33|2016-03-02 03:21:20|121.495300|31.222798|50.0|0.0|0|050|A|0|1|1|0|0|2|2016-03-02 03:23:33|2016-03-02 03:22:20|121.495700|31.223398|50.0|0.0|0|050
25754|A|0|0|1|0|0|1|2016-03-02 03:12:36|2016-03-02 03:12:21|121.409258|31.210465|27.0|300.0|9|025|A|0|1|1|0|0|2|2016-03-02 03:23:39|2016-03-02 03:23:24|121.431637|31.245080|0.0|34.0|9|000
23390|A|0|0|1|0|0|1|2016-03-02 03:20:10|2016-03-02 03:19:55|121.348753|31.347777|25.5|246.0|10|025|A|0|1|2|0|0|2|2016-03-02 03:23:40|2016-03-02 03:23:21|121.364385|31.350792|49.2|63.0|9|049
20689|A|0|0|0|0|1|1|2016-03-02 03:16:23|2016-03-02 03:16:08|121.491772|31.264085|13.6|153.0|5|012|A|0|1|1|0|1|2|2016-03-02 03:23:45|2016-03-02 03:23:30|121.508947|31.281030|0.0|346.0|7|000
23547|A|0|0|0|0|0|1|2016-03-02 03:13:15|2016-03-02 03:13:00|121.355742|31.243285|2.9|184.0|8|002|A|0|1|5|0|0|2|2016-03-02 03:23:46|2016-03-02 03:23:31|121.367862|31.217678|0.0|181.0|8|000
20530|A|0|0|0|0|0|1|2016-03-02 03:10:04|2016-03-02 03:09:49|121.392273|31.196780|20.9|122.0|8|018|A|0|1|1|0|1|2|2016-03-02 03:23:54|2016-03-02 03:23:39|121.393127|31.138198|0.0|123.0|8|000
23312|A|0|0|0|0|0|1|2016-03-02 02:50:43|2016-03-02 02:50:28|121.469803|31.220818|6.3|345.0|10|005|A|0|1|1|0|1|2|2016-03-02 03:24:10|2016-03-02 03:23:55|121.447518|31.394448|46.4|337.0|9|045
23315|A|0|0|0|0|0|1|2016-03-02 03:09:22|2016-03-02 03:09:07|121.505272|31.298748|14.1|172.0|9|000|A|0|1|1|0|1|2|2016-03-02 03:24:15|2016-03-02 03:24:00|121.457445|31.268143|0.0|163.0|9|000
26358|A|0|0|0|0|0|1|2016-03-02 03:07:19|2016-03-02 03:07:03|121.340063|31.217762|13.1|309.0|9|013|A|0|1|5|0|0|2|2016-03-02 03:24:27|2016-03-02 03:24:12|121.389212|31.163488|0.0|168.0|8|000
25924|A|0|0|2|0|0|1|2016-03-02 03:24:27|2016-03-02 03:24:11|121.268515|31.116998|13.4|252.0|7|012|A|0|1|1|0|0|2|2016-03-02 03:24:33|2016-03-02 03:24:18|121.268165|31.116917|17.3|256.0|7|017
21229|A|0|0|0|0|0|1|2016-03-02 03:21:59|2016-03-02 03:21:39|121.480430|31.265952|34.4|55.0|4|024|A|0|1|1|0|1|2|2016-03-02 03:24:34|2016-03-02 03:24:19|121.430495|31.333960|11.9|284.0|4|000
25943|A|0|0|0|0|0|1|2016-03-02 03:15:01|2016-03-02 03:14:46|121.515690|31.230432|13.4|61.0|10|010|A|0|1|0|0|0|2|2016-03-02 03:24:38|2016-03-02 03:24:22|121.476192|31.218062|0.0|356.0|9|000
23340|A|0|0|0|0|0|1|2016-03-02 03:21:01|2016-03-02 03:20:45|121.361693|31.172255|29.1|66.0|9|029|A|0|1|1|0|1|2|2016-03-02 03:24:43|2016-03-02 03:24:28|121.383192|31.179192|0.0|67.0|9|000
26181|A|0|0|0|0|0|1|2016-03-02 03:24:27|2016-03-02 03:24:08|121.463627|31.237897|26.9|149.0|8|026|A|0|1|1|0|1|2|2016-03-02 03:25:03|2016-03-02 03:24:48|121.462352|31.236748|22.3|246.0|9|025
23690|A|0|0|0|0|0|1|2016-03-02 02:29:29|2016-03-02 02:29:14|121.452920|31.249333|5.1|248.0|8|004|A|0|1|1|0|0|2|2016-03-02 03:25:08|2016-03-02 03:24:53|121.322995|31.453322|0.0|231.0|7|000
23480|A|0|0|0|0|0|1|2016-03-02 03:17:23|2016-03-02 03:17:08|121.451937|31.247885|25.4|89.0|6|029|A|0|1|1|0|0|2|2016-03-02 03:25:19|2016-03-02 03:25:04|121.444997|31.275570|0.0|55.0|6|000
23480|A|0|0|0|0|0|1|2016-03-02 03:25:21|2016-03-02 03:25:05|121.444997|31.275570|0.0|55.0|6|000|A|0|1|1|0|0|2|2016-03-02 03:25:22|2016-03-02 03:25:07|121.444997|31.275570|0.0|55.0|6|000
23358|A|0|0|0|0|0|1|2016-03-02 03:13:28|2016-03-02 03:13:13|121.459502|31.220285|18.6|339.0|9|016|A|0|1|1|0|0|2|2016-03-02 03:25:27|2016-03-02 03:25:12|121.478830|31.246783|7.4|324.0|5|003
23358|A|0|0|0|0|0|1|2016-03-02 03:25:28|2016-03-02 03:25:13|121.478813|31.246802|9.5|322.0|5|006|A|0|1|1|0|0|2|2016-03-02 03:25:30|2016-03-02 03:25:15|121.478797|31.246833|9.5|344.0|6|008
25758|A|0|0|0|0|0|1|2016-03-02 03:10:03|2016-03-02 03:09:48|121.403465|31.214905|13.3|29.0|0|000|A|0|1|1|0|0|2|2016-03-02 03:25:39|2016-03-02 03:25:24|121.403108|31.250377|23.2|155.0|4|015
26239|A|0|0|1|0|0|1|2016-03-02 03:18:40|2016-03-02 03:18:24|121.433668|31.242415|11.8|351.0|6|014|A|0|1|1|0|1|2|2016-03-02 03:25:45|2016-03-02 03:25:30|121.426155|31.264233|0.0|263.0|4|000
26239|A|0|0|0|0|1|1|2016-03-02 03:25:47|2016-03-02 03:25:32|121.426155|31.264233|0.0|263.0|5|000|A|0|1|1|0|1|2|2016-03-02 03:25:50|2016-03-02 03:25:35|121.426155|31.264233|0.0|263.0|4|000
26313|A|0|0|1|0|0|1|2016-03-02 03:17:20|2016-03-02 03:17:05|121.452855|31.217865|18.8|57.0|8|015|A|0|1|1|0|0|2|2016-03-02 03:25:58|2016-03-02 03:25:43|121.475083|31.203318|0.0|95.0|7|000
17803|A|0|0|5|0|1|1|2016-03-02 03:26:07|2016-03-02 03:19:48|121.333262|31.256597|0.0|333.0|7|000|A|0|1|5|0|1|2|2016-03-02 03:26:07|2016-03-02 03:19:18|121.333262|31.256597|0.0|333.0|7|000
15381|A|0|0|5|0|0|1|2016-03-02 03:18:07|2016-03-02 03:17:40|121.441908|31.329898|0.0|1.0|8|000|A|0|1|5|0|0|2|2016-03-02 03:26:18|2016-03-02 03:25:58|121.433618|31.341033|58.0|340.0|8|059
23781|A|0|0|0|0|0|1|2016-03-02 03:20:17|2016-03-02 03:20:02|121.425648|31.267457|24.4|295.0|8|024|A|0|1|1|0|0|2|2016-03-02 03:26:23|2016-03-02 03:26:08|121.420325|31.250298|0.0|65.0|7|000
23920|A|0|0|0|0|0|1|2016-03-02 03:05:07|2016-03-02 03:04:52|121.436862|31.248143|14.9|149.0|9|012|A|0|1|1|0|0|2|2016-03-02 03:26:23|2016-03-02 03:26:08|121.521365|31.270238|0.0|168.0|9|000
23531|A|0|0|0|0|0|1|2016-03-02 03:04:54|2016-03-02 03:04:39|121.433245|31.234755|15.5|294.0|7|005|A|0|1|1|0|0|2|2016-03-02 03:26:24|2016-03-02 03:26:09|121.407762|31.205353|0.0|147.0|5|000
25735|A|0|0|1|0|0|1|2016-03-02 03:17:33|2016-03-02 03:17:18|121.438735|31.238220|7.1|132.0|7|006|A|0|1|1|0|0|2|2016-03-02 03:26:28|2016-03-02 03:26:13|121.444610|31.238748|0.0|52.0|6|000
23541|A|0|0|0|0|0|1|2016-03-02 03:21:11|2016-03-02 03:20:56|121.435782|31.249428|39.7|320.0|8|039|A|0|1|1|0|0|2|2016-03-02 03:26:28|2016-03-02 03:26:13|121.424025|31.263760|0.0|143.0|8|000
20639|A|0|0|1|0|0|1|2016-03-02 03:23:47|2016-03-02 03:19:09|121.492353|31.341173|0.0|77.0|9|000|A|0|1|0|0|1|2|2016-03-02 03:26:37|2016-03-02 03:26:00|121.490523|31.375945|25.0|60.0|7|025-
23517|A|0|0|0|0|0|1|2016-03-02 03:15:24|2016-03-02 03:15:09|121.403915|31.248530|27.5|334.0|10|023|A|0|1|1|0|0|2|2016-03-02 03:26:44|2016-03-02 03:26:25|121.469980|31.285827|0.0|91.0|8|000
26081|A|0|0|0|0|0|1|2016-03-02 03:19:05|2016-03-02 03:18:50|121.582813|31.341558|21.5|327.0|7|020|A|0|1|1|0|0|2|2016-03-02 03:26:45|2016-03-02 03:26:30|121.571487|31.337253|0.0|129.0|7|000
23759|A|0|0|1|0|0|1|2016-03-02 03:11:45|2016-03-02 03:11:30|121.450097|31.222007|3.8|96.0|8|000|A|0|1|1|0|0|2|2016-03-02 03:26:45|2016-03-02 03:26:30|121.436497|31.257277|0.0|329.0|8|000
25712|A|0|0|0|0|0|1|2016-03-02 03:06:17|2016-03-02 03:06:02|121.441322|31.221203|14.8|349.0|9|007|A|0|1|1|0|0|2|2016-03-02 03:26:58|2016-03-02 03:25:57|121.366853|31.182352|0.0|85.0|8|000
23722|A|0|0|0|0|0|1|2016-03-02 03:00:14|2016-03-02 02:59:59|121.439972|31.230317|24.5|239.0|9|024|A|0|1|1|0|1|2|2016-03-02 03:27:08|2016-03-02 03:26:53|121.418932|31.149273|0.0|167.0|8|000
23432|A|0|0|0|0|0|1|2016-03-02 03:05:22|2016-03-02 03:05:07|121.538542|31.309528|14.1|276.0|10|014|A|0|1|1|0|1|2|2016-03-02 03:27:11|2016-03-02 03:26:56|121.515332|31.225858|0.0|266.0|9|000
25973|A|0|0|0|0|0|1|2016-03-02 03:23:22|2016-03-02 03:23:07|121.465673|31.211950|12.4|75.0|7|010|A|0|1|1|0|0|2|2016-03-02 03:27:18|2016-03-02 03:27:03|121.478077|31.203763|48.4|158.0|7|049
23776|A|0|0|0|0|0|1|2016-03-02 03:08:19|2016-03-02 03:08:04|121.420150|31.025282|39.1|339.0|9|039|A|0|1|1|0|0|2|2016-03-02 03:27:20|2016-03-02 03:27:04|121.372362|31.140895|62.2|333.0|8|061
26131|A|0|0|0|0|0|1|2016-03-02 03:06:41|2016-03-02 03:06:26|121.497613|31.165517|11.6|77.0|10|012|A|0|1|1|0|1|2|2016-03-02 03:27:26|2016-03-02 03:27:11|121.556617|31.140285|0.0|82.0|8|000
26264|A|0|0|1|0|0|1|2016-03-02 03:23:07|2016-03-02 03:22:51|121.397362|31.250182|12.1|110.0|9|011|A|0|1|1|0|0|2|2016-03-02 03:27:26|2016-03-02 03:27:11|121.381965|31.242970|0.0|125.0|8|000
20533|A|0|0|0|0|0|1|2016-03-02 03:12:09|2016-03-02 03:11:53|121.452097|31.253688|20.1|9.0|0|000|A|0|1|1|0|0|2|2016-03-02 03:27:27|2016-03-02 03:27:10|121.407182|31.304510|0.0|272.0|9|000
26349|A|0|0|0|0|0|1|2016-03-02 03:26:15|2016-03-02 03:26:00|121.466663|31.304688|17.9|1.0|7|015|A|0|1|5|0|0|2|2016-03-02 03:27:46|2016-03-02 03:27:31|121.471712|31.308773|0.0|148.0|7|000
20547|A|0|0|0|0|0|1|2016-03-02 03:04:09|2016-03-02 03:03:54|121.460972|31.233377|15.4|236.0|9|007|A|0|1|1|0|0|2|2016-03-02 03:27:46|2016-03-02 03:27:31|121.314657|31.286023|0.0|230.0|9|000
23776|A|0|0|0|0|0|1|2016-03-02 03:27:22|2016-03-02 03:27:07|121.372120|31.141305|60.7|333.0|8|060|A|0|1|1|0|0|2|2016-03-02 03:27:52|2016-03-02 03:27:26|121.370752|31.143710|53.4|334.0|8|053
23669|A|0|0|0|0|0|1|2016-03-02 03:22:46|2016-03-02 03:22:31|121.533900|31.273330|22.6|65.0|7|016|A|0|1|1|0|1|2|2016-03-02 03:27:58|2016-03-02 03:27:43|121.520835|31.292553|2.4|229.0|7|000
25951|A|0|0|0|0|0|1|2016-03-02 03:21:56|2016-03-02 03:21:40|121.395038|31.258822|5.8|254.0|9|031|A|0|1|1|0|1|2|2016-03-02 03:28:08|2016-03-02 03:27:53|121.399123|31.286605|0.0|21.0|9|000
23611|A|0|0|0|0|0|1|2016-03-02 03:14:20|2016-03-02 03:14:05|121.469813|31.220187|13.6|160.0|7|012|A|0|1|1|0|0|2|2016-03-02 03:28:13|2016-03-02 03:27:58|121.439363|31.192882|0.0|233.0|7|000
23835|A|0|0|0|0|0|1|2016-03-02 03:23:39|2016-03-02 03:23:21|121.420847|31.223695|38.3|213.0|8|038|A|0|1|1|0|0|2|2016-03-02 03:28:16|2016-03-02 03:28:01|121.396637|31.239007|4.2|333.0|8|000
20537|A|0|0|0|0|0|1|2016-03-02 02:55:41|2016-03-02 02:55:26|121.441462|31.224958|24.9|235.0|8|022|A|0|1|1|0|1|2|2016-03-02 03:28:19|2016-03-02 03:28:03|121.482000|31.348415|0.0|358.0|8|000
17422|A|0|0|0|0|0|1|2016-03-02 02:37:47|2016-03-02 02:37:32|121.415333|31.161997|12.2|352.0|4|012|A|0|1|1|0|1|2|2016-03-02 03:28:19|2016-03-02 03:28:07|121.504585|31.236287|0.0|0.0|3|000
26306|A|0|0|0|0|0|1|2016-03-02 03:18:55|2016-03-02 03:18:40|121.476527|31.229190|8.4|198.0|9|000|A|0|1|1|0|0|2|2016-03-02 03:28:23|2016-03-02 03:28:07|121.463687|31.256577|0.0|251.0|7|000
11604|A|0|0|0|0|1|1|2016-03-02 03:28:24|2016-03-02 03:26:10|121.322968|31.245128|0.0|178.0|8|000|A|0|1|1|0|0|2|2016-03-02 03:28:24|2016-03-02 03:27:08|121.323698|31.244275|4.5|154.0|7|007
26306|A|0|0|0|0|0|1|2016-03-02 03:28:24|2016-03-02 03:28:08|121.463687|31.256577|0.0|251.0|8|000|A|0|1|1|0|0|2|2016-03-02 03:28:26|2016-03-02 03:28:10|121.463687|31.256577|0.0|251.0|8|000
26389|A|0|0|0|0|0|1|2016-03-02 03:15:26|2016-03-02 03:15:11|121.490130|31.255092|64.6|243.0|3|012|A|0|1|1|0|0|2|2016-03-02 03:28:27|2016-03-02 03:28:06|121.445775|31.238363|7.6|137.0|6|011
25807|A|0|0|0|0|0|1|2016-03-02 03:15:41|2016-03-02 03:15:25|121.458593|31.232845|23.0|92.0|9|015|A|0|1|1|0|1|2|2016-03-02 03:28:38|2016-03-02 03:28:23|121.470857|31.209558|6.6|266.0|7|006
23589|A|0|0|0|0|0|1|2016-03-02 03:22:42|2016-03-02 03:22:27|121.476132|31.252207|30.3|243.0|9|023|A|0|1|1|0|1|2|2016-03-02 03:28:42|2016-03-02 03:28:27|121.469173|31.258182|0.0|235.0|7|000
23857|A|0|0|0|0|0|1|2016-03-02 03:11:34|2016-03-02 03:11:18|121.426120|31.236848|44.6|45.0|7|012|A|0|1|1|0|0|2|2016-03-02 03:28:45|2016-03-02 03:28:29|121.448687|31.234510|20.7|235.0|5|026
23318|A|0|0|0|0|0|1|2016-03-02 03:13:20|2016-03-02 03:13:05|121.449812|31.220728|12.9|233.0|9|010|A|0|1|1|0|0|2|2016-03-02 03:28:53|2016-03-02 03:28:38|121.440295|31.181273|0.0|185.0|9|000
23391|A|0|0|0|0|0|1|2016-03-02 03:20:21|2016-03-02 03:20:06|121.425987|31.214025|26.8|18.0|6|021|A|0|1|1|0|0|2|2016-03-02 03:29:02|2016-03-02 03:28:47|121.464688|31.237752|0.0|241.0|8|000
26313|A|0|0|0|0|0|1|2016-03-02 03:28:46|2016-03-02 03:28:31|121.474855|31.204067|0.0|124.0|8|000|A|0|1|1|0|0|2|2016-03-02 03:29:14|2016-03-02 03:28:53|121.474818|31.204060|0.0|91.0|7|000
26313|A|0|0|0|0|0|1|2016-03-02 03:29:14|2016-03-02 03:28:54|121.474817|31.204060|0.0|154.0|7|000|A|0|1|1|0|0|2|2016-03-02 03:29:14|2016-03-02 03:28:55|121.474815|31.204060|0.0|99.0|7|000
26157|A|0|0|0|0|0|1|2016-03-02 03:23:16|2016-03-02 03:23:00|121.476283|31.227385|32.9|166.0|10|026|A|0|1|0|0|0|2|2016-03-02 03:29:20|2016-03-02 03:29:04|121.491540|31.213740|18.9|339.0|9|018
23687|A|0|0|0|0|0|1|2016-03-02 03:12:14|2016-03-02 03:11:59|121.443262|31.223007|17.5|63.0|7|015|A|0|1|1|0|1|2|2016-03-02 03:29:24|2016-03-02 03:29:09|121.456855|31.268018|0.0|105.0|7|000
23687|A|0|0|0|0|1|1|2016-03-02 03:29:26|2016-03-02 03:29:11|121.456855|31.268018|0.0|105.0|7|000|A|0|1|1|0|1|2|2016-03-02 03:29:28|2016-03-02 03:29:13|121.456855|31.268018|0.0|105.0|7|000
23553|A|0|0|0|0|0|1|2016-03-02 03:02:29|2016-03-02 03:02:10|121.418043|31.216943|3.3|212.0|8|000|A|0|1|1|0|0|2|2016-03-02 03:29:52|2016-03-02 03:29:36|121.465320|31.301090|0.0|328.0|8|000
26186|A|0|0|0|0|0|1|2016-03-02 03:27:54|2016-03-02 03:27:39|121.369462|31.273887|0.0|129.0|4|000|A|0|1|1|0|0|2|2016-03-02 03:29:52|2016-03-02 03:29:34|121.361458|31.276887|20.3|236.0|4|000
21844|A|0|0|0|1|0|1|2016-03-02 03:30:07|2016-03-02 03:28:46|121.437818|31.325663|0.0|68.0|8|000|A|0|1|1|0|0|2|2016-03-02 03:30:07|2016-03-02 03:29:08|121.437818|31.325663|0.0|68.0|7|000
26021|A|0|0|0|0|1|1|2016-03-02 03:13:14|2016-03-02 03:12:58|121.481457|31.252350|20.1|59.0|9|021|A|0|1|1|0|1|2|2016-03-02 03:30:12|2016-03-02 03:29:57|121.527562|31.315307|0.0|183.0|8|000
26288|A|0|0|0|0|0|1|2016-03-02 03:18:28|2016-03-02 03:18:13|121.502953|31.138160|10.2|96.0|9|007|A|0|1|1|0|0|2|2016-03-02 03:30:22|2016-03-02 03:30:07|121.528422|31.184702|0.0|249.0|7|000
25870|A|0|0|0|0|0|1|2016-03-02 03:19:19|2016-03-02 03:19:04|121.375925|31.159218|25.9|100.0|9|026|A|0|1|1|0|1|2|2016-03-02 03:30:24|2016-03-02 03:30:09|121.428083|31.170130|0.0|84.0|10|000
23558|A|0|0|0|0|0|1|2016-03-02 03:09:09|2016-03-02 03:08:54|121.361883|31.253230|9.5|96.0|7|007|A|0|1|1|0|0|2|2016-03-02 03:30:41|2016-03-02 03:30:26|121.396367|31.290570|0.0|124.0|7|000
25708|A|0|0|0|0|0|1|2016-03-02 03:15:59|2016-03-02 03:15:44|121.433322|31.264168|0.0|333.0|8|007|A|0|1|1|0|0|2|2016-03-02 03:30:51|2016-03-02 03:30:36|121.477470|31.207780|0.0|168.0|5|000
25812|A|0|0|0|0|0|1|2016-03-02 03:20:19|2016-03-02 03:20:04|121.397348|31.251192|38.2|178.0|8|039|A|0|1|1|0|1|2|2016-03-02 03:31:01|2016-03-02 03:30:45|121.438850|31.238133|0.0|124.0|6|000
10122|A|0|0|0|0|0|1|2016-03-02 00:18:52|2016-03-02 00:18:35|121.446950|31.286060|31.0|117.0|4|031-|A|0|1|V|0|0|2|2016-03-02 03:31:07|2016-03-02 03:30:43|121.496217|31.277487|0.0|171.0|0|000
20601|A|0|0|0|0|0|1|2016-03-02 03:31:07|2016-03-02 03:30:52|121.571260|31.293725|0.0|107.0|7|000|A|0|1|1|0|0|2|2016-03-02 03:31:09|2016-03-02 03:30:54|121.571260|31.293725|2.6|93.0|8|000
26298|A|0|0|0|0|0|1|2016-03-02 03:28:04|2016-03-02 03:27:49|121.433950|31.247295|0.0|314.0|8|000|A|0|1|1|0|0|2|2016-03-02 03:31:11|2016-03-02 03:30:56|121.436870|31.237267|0.0|143.0|7|000
23633|A|0|0|0|0|0|1|2016-03-02 03:21:32|2016-03-02 03:21:17|121.433243|31.242518|0.0|232.0|6|004|A|0|1|1|0|0|2|2016-03-02 03:31:20|2016-03-02 03:31:05|121.433942|31.242627|0.0|59.0|7|000
23675|A|0|0|0|0|0|1|2016-03-02 03:13:04|2016-03-02 03:12:48|121.524220|31.222720|0.0|113.0|7|000|A|0|1|1|0|1|2|2016-03-02 03:31:51|2016-03-02 03:31:33|121.534297|31.147068|2.5|40.0|7|001
20217|A|0|0|0|0|0|1|2016-03-02 00:33:56|2016-03-02 00:31:06|121.465020|31.206787|17.0|6.0|8|012|A|0|1|1|0|0|2|2016-03-02 03:32:19|2016-03-02 03:32:03|121.436650|31.222023|19.0|41.0|9|021
26258|A|0|0|0|0|0|1|2016-03-02 03:25:17|2016-03-02 03:25:02|121.374898|31.159408|11.7|170.0|8|009|A|0|1|1|0|0|2|2016-03-02 03:32:21|2016-03-02 03:32:06|121.387903|31.181488|0.0|155.0|8|000
26383|A|0|0|0|0|0|1|2016-03-02 03:09:12|2016-03-02 03:08:57|121.437565|31.190362|8.0|107.0|9|000|A|0|1|0|0|0|2|2016-03-02 03:32:25|2016-03-02 03:32:07|121.522602|31.268693|0.0|328.0|5|000
25827|A|0|0|0|0|0|1|2016-03-02 03:27:46|2016-03-02 03:27:31|121.455395|31.310122|18.4|352.0|9|017|A|0|1|1|0|0|2|2016-03-02 03:32:46|2016-03-02 03:32:31|121.455250|31.334548|0.0|357.0|8|000
20535|A|0|0|0|0|0|1|2016-03-02 03:18:10|2016-03-02 03:17:55|121.448312|31.234495|13.5|255.0|4|015|A|0|1|1|0|1|2|2016-03-02 03:33:09|2016-03-02 03:32:54|121.440270|31.258977|3.4|18.0|5|000
23910|A|0|0|0|0|0|1|2016-03-02 03:02:34|2016-03-02 03:02:18|121.527527|31.223937|15.2|64.0|7|014|A|0|1|1|0|0|2|2016-03-02 03:33:15|2016-03-02 03:33:00|121.560047|31.234695|5.9|229.0|7|005
26134|A|0|0|0|0|0|1|2016-03-02 03:22:27|2016-03-02 03:22:12|121.447302|31.342333|41.1|248.0|8|041|A|0|1|5|0|0|2|2016-03-02 03:33:24|2016-03-02 03:33:09|121.419473|31.360788|37.8|249.0|9|037
25746|A|0|0|0|0|0|1|2016-03-02 03:30:43|2016-03-02 03:30:28|121.447258|31.230065|12.8|327.0|7|012|A|0|1|1|0|0|2|2016-03-02 03:33:35|2016-03-02 03:33:20|121.443108|31.233415|16.5|236.0|6|015
23725|A|0|0|0|0|0|1|2016-03-02 03:30:54|2016-03-02 03:30:39|121.365877|31.183667|15.5|82.0|7|011|A|0|1|1|0|0|2|2016-03-02 03:33:40|2016-03-02 03:33:25|121.369712|31.184850|4.6|43.0|7|000
23725|A|0|0|0|0|0|1|2016-03-02 03:33:42|2016-03-02 03:33:26|121.369712|31.184850|3.1|43.0|7|000|A|0|1|1|0|0|2|2016-03-02 03:33:43|2016-03-02 03:33:28|121.369712|31.184850|0.0|43.0|7|000
23876|A|0|0|0|0|0|1|2016-03-02 03:17:06|2016-03-02 03:16:51|121.423220|31.231902|17.5|44.0|7|000|A|0|1|1|0|0|2|2016-03-02 03:33:48|2016-03-02 03:33:33|121.414002|31.257162|0.0|253.0|5|000
23360|A|0|0|0|0|0|1|2016-03-02 03:14:42|2016-03-02 03:14:00|121.450513|31.249268|22.6|116.0|7|021|A|0|1|1|0|0|2|2016-03-02 03:34:10|2016-03-02 03:33:55|121.575858|31.275330|0.0|60.0|9|000
23431|A|0|0|0|0|0|1|2016-03-02 03:05:03|2016-03-02 03:04:48|121.393608|31.167745|10.9|351.0|5|006|A|0|1|1|0|1|2|2016-03-02 03:34:15|2016-03-02 03:34:00|121.472770|31.251718|0.0|58.0|7|000
25750|A|0|0|0|0|0|1|2016-03-02 03:29:40|2016-03-02 03:29:22|121.407057|31.304490|14.2|276.0|9|012|A|0|1|0|0|0|2|2016-03-02 03:34:53|2016-03-02 03:34:37|121.402505|31.326900|5.9|357.0|10|005
23413|A|0|0|0|0|0|1|2016-03-02 03:31:31|2016-03-02 03:31:16|121.448518|31.332055|9.2|72.0|8|004|A|0|1|1|0|0|2|2016-03-02 03:35:03|2016-03-02 03:34:48|121.455408|31.332707|0.0|182.0|7|000
25734|A|0|0|0|0|0|1|2016-03-02 03:23:07|2016-03-02 03:22:52|121.457467|31.233430|20.9|341.0|5|022|A|0|1|1|0|0|2|2016-03-02 03:35:07|2016-03-02 03:34:52|121.420148|31.263112|0.0|342.0|7|000
23413|A|0|0|0|0|0|1|2016-03-02 03:35:05|2016-03-02 03:34:50|121.455410|31.332708|0.0|182.0|7|000|A|0|1|1|0|0|2|2016-03-02 03:35:08|2016-03-02 03:34:52|121.455412|31.332708|0.0|182.0|7|000
26024|A|0|0|0|0|0|1|2016-03-02 03:25:33|2016-03-02 03:25:18|121.385433|31.242043|18.9|270.0|8|017|A|0|1|1|0|1|2|2016-03-02 03:35:10|2016-03-02 03:34:55|121.351688|31.250352|0.0|34.0|9|000
23593|A|0|0|0|0|0|1|2016-03-02 03:17:19|2016-03-02 03:17:04|121.594342|31.277203|19.3|300.0|9|019|A|0|1|1|0|1|2|2016-03-02 03:35:12|2016-03-02 03:34:57|121.510337|31.302050|0.0|248.0|8|000
26000|A|0|0|0|0|0|1|2016-03-02 03:12:08|2016-03-02 03:11:53|121.450970|31.155187|11.7|350.0|8|011|A|0|1|1|0|1|2|2016-03-02 03:35:17|2016-03-02 03:35:02|121.356133|31.228112|0.0|172.0|8|000
20616|A|0|0|0|0|0|1|2016-03-02 03:29:58|2016-03-02 03:29:43|121.473590|31.278095|11.8|294.0|9|012|A|0|1|1|0|1|2|2016-03-02 03:35:28|2016-03-02 03:35:13|121.468673|31.299087|0.0|272.0|9|000
26308|A|0|0|0|0|0|1|2016-03-02 03:31:40|2016-03-02 03:31:24|121.425908|31.235980|16.6|25.0|8|014|A|0|1|1|0|0|2|2016-03-02 03:35:28|2016-03-02 03:35:13|121.432643|31.248820|2.4|40.0|8|000
15794|A|0|0|0|1|0|1|2016-03-02 03:35:43|2016-03-02 03:32:54|121.457262|31.205070|0.0|248.0|8|000|A|0|1|1|0|0|2|2016-03-02 03:35:43|2016-03-02 03:33:23|121.457237|31.205047|0.0|248.0|7|000
25823|A|0|0|0|0|0|1|2016-03-02 03:20:11|2016-03-02 03:19:54|121.422660|31.231300|19.1|8.0|8|014|A|0|1|1|0|0|2|2016-03-02 03:35:45|2016-03-02 03:35:29|121.445157|31.203693|0.0|155.0|8|000
23597|A|0|0|1|0|0|1|2016-03-02 03:14:54|2016-03-02 03:14:39|121.382780|31.228217|8.8|205.0|10|000|A|0|1|1|0|0|2|2016-03-02 03:35:58|2016-03-02 03:35:42|121.428955|31.336692|0.0|119.0|9|000
20629|A|0|0|0|0|0|1|2016-03-02 03:12:19|2016-03-02 03:12:04|121.447867|31.227953|22.1|255.0|3|018|A|0|1|1|0|0|2|2016-03-02 03:35:58|2016-03-02 03:35:43|121.500687|31.165862|0.0|160.0|3|008
23908|A|0|0|0|0|0|1|2016-03-02 03:02:34|2016-03-02 03:02:19|121.526235|31.269860|16.1|236.0|8|012|A|0|1|1|0|0|2|2016-03-02 03:36:11|2016-03-02 03:35:56|121.399032|31.186373|19.3|254.0|7|017
23908|A|0|0|0|0|0|1|2016-03-02 03:36:12|2016-03-02 03:35:57|121.398973|31.186360|23.1|257.0|7|018|A|0|1|1|0|0|2|2016-03-02 03:36:13|2016-03-02 03:35:58|121.398905|31.186343|27.9|255.0|7|023
20689|A|0|0|0|0|0|1|2016-03-02 03:27:35|2016-03-02 03:27:20|121.496812|31.282015|24.4|120.0|7|021|A|0|1|1|0|0|2|2016-03-02 03:36:28|2016-03-02 03:36:13|121.539550|31.296378|0.0|155.0|8|000
13766|A|0|0|2|0|0|1|2016-03-02 03:36:28|2016-03-02 03:36:03|121.427028|31.215140|32.9|48.0|8|031|A|0|1|0|0|0|2|2016-03-02 03:36:40|2016-03-02 03:36:14|121.427930|31.215653|44.7|60.0|8|043
23781|A|0|0|0|0|0|1|2016-03-02 03:32:44|2016-03-02 03:32:29|121.438487|31.266642|26.1|48.0|8|025|A|0|1|1|0|0|2|2016-03-02 03:36:40|2016-03-02 03:36:25|121.417603|31.285943|0.0|126.0|9|000
25823|A|0|0|0|0|0|1|2016-03-02 03:36:09|2016-03-02 03:35:54|121.445157|31.203693|0.0|155.0|8|000|A|0|1|1|0|0|2|2016-03-02 03:36:44|2016-03-02 03:36:29|121.445137|31.203677|0.0|155.0|8|000
23776|A|0|0|0|0|0|1|2016-03-02 03:27:53|2016-03-02 03:27:28|121.370618|31.143948|53.0|334.0|8|052|A|0|1|0|0|0|2|2016-03-02 03:36:48|2016-03-02 03:36:32|121.343140|31.232510|60.8|357.0|9|060
23602|A|0|0|0|0|0|1|2016-03-02 03:29:48|2016-03-02 03:29:33|121.502772|31.279732|19.5|26.0|8|017|A|0|1|1|0|0|2|2016-03-02 03:36:51|2016-03-02 03:36:36|121.515288|31.284197|4.0|160.0|7|004
23602|A|0|0|0|0|0|1|2016-03-02 03:36:55|2016-03-02 03:36:39|121.515307|31.284158|6.1|156.0|7|006|A|0|1|1|0|0|2|2016-03-02 03:36:56|2016-03-02 03:36:40|121.515313|31.284143|7.5|155.0|7|006
26204|A|0|0|0|0|0|1|2016-03-02 03:22:29|2016-03-02 03:22:10|121.441948|31.335897|42.7|150.0|7|042|A|0|1|0|0|1|2|2016-03-02 03:36:57|2016-03-02 03:36:41|121.462540|31.264562|0.0|67.0|8|002
26181|A|0|0|0|0|0|1|2016-03-02 03:30:11|2016-03-02 03:29:56|121.451020|31.249392|20.9|207.0|9|021|A|0|1|1|0|0|2|2016-03-02 03:37:02|2016-03-02 03:36:47|121.461875|31.254608|15.2|248.0|8|013
23547|A|0|0|0|0|0|1|2016-03-02 03:26:38|2016-03-02 03:26:23|121.367987|31.218650|9.3|45.0|9|004|A|0|1|5|0|0|2|2016-03-02 03:37:10|2016-03-02 03:36:55|121.367682|31.229308|0.0|313.0|8|000
26125|A|0|0|0|0|0|1|2016-03-02 03:23:18|2016-03-02 03:23:03|121.402132|31.328882|15.6|345.0|10|015|A|0|1|1|0|0|2|2016-03-02 03:37:17|2016-03-02 03:37:02|121.425445|31.276948|13.7|218.0|7|013
23522|A|0|0|0|0|0|1|2016-03-02 03:32:02|2016-03-02 03:31:47|121.571068|31.124587|6.6|352.0|10|005|A|0|1|0|0|1|2|2016-03-02 03:37:36|2016-03-02 03:37:20|121.600335|31.138430|0.0|349.0|10|000
11056|A|0|0|0|0|0|1|2016-03-02 03:26:20|2016-03-02 03:21:02|121.355235|31.243175|28.8|286.0|7|028|A|0|1|1|0|1|2|2016-03-02 03:37:38|2016-03-02 03:30:22|121.304385|31.239770|0.0|11.0|7|000
23757|A|0|0|0|0|0|1|2016-03-02 03:25:50|2016-03-02 03:25:35|121.484713|31.262898|14.2|86.0|9|015|A|0|1|1|0|0|2|2016-03-02 03:37:40|2016-03-02 03:37:24|121.522528|31.281490|29.1|156.0|9|029
20630|A|0|0|0|0|0|1|2016-03-02 03:23:59|2016-03-02 03:23:37|121.503143|31.235367|13.9|272.0|6|012|A|0|1|1|0|1|2|2016-03-02 03:37:44|2016-03-02 03:37:29|121.535365|31.206975|0.0|283.0|6|000
26208|A|0|0|0|0|0|1|2016-03-02 03:29:58|2016-03-02 03:29:42|121.453672|31.340240|29.8|246.0|9|029|A|0|1|1|0|0|2|2016-03-02 03:37:44|2016-03-02 03:37:29|121.428948|31.332672|7.9|343.0|9|007
25900|A|0|0|0|0|0|1|2016-03-02 03:32:34|2016-03-02 03:32:19|121.551202|31.183807|12.6|338.0|7|012|A|0|1|1|0|0|2|2016-03-02 03:37:59|2016-03-02 03:37:44|121.544397|31.174173|0.0|262.0|7|000
26030|A|0|0|1|0|0|1|2016-03-02 03:26:19|2016-03-02 03:26:04|121.482728|31.231307|16.2|340.0|6|012|A|0|1|1|0|0|2|2016-03-02 03:38:03|2016-03-02 03:37:48|121.450520|31.249187|15.2|115.0|6|014
25900|A|0|0|0|0|0|1|2016-03-02 03:38:02|2016-03-02 03:37:47|121.544397|31.174173|0.0|262.0|8|000|A|0|1|1|0|0|2|2016-03-02 03:38:04|2016-03-02 03:37:49|121.544397|31.174173|0.0|255.0|7|000
16321|A|0|0|0|0|0|1|2016-03-02 03:38:09|2016-03-02 03:34:38|121.400097|31.207532|54.0|112.0|8|052|A|0|1|1|0|0|2|2016-03-02 03:38:09|2016-03-02 03:34:25|121.398777|31.207758|15.0|139.0|9|000
20604|A|0|0|0|0|0|1|2016-03-02 03:35:18|2016-03-02 03:35:03|121.485490|31.250600|25.0|339.0|8|022|A|0|1|3|0|0|2|2016-03-02 03:38:10|2016-03-02 03:37:55|121.485018|31.263012|0.0|18.0|7|000
26039|A|0|0|0|0|0|1|2016-03-02 03:15:17|2016-03-02 03:15:02|121.407282|31.166127|3.1|79.0|9|000|A|0|1|1|0|0|2|2016-03-02 03:38:12|2016-03-02 03:37:57|121.389130|31.182210|0.0|248.0|10|000
23669|A|0|0|0|0|0|1|2016-03-02 03:32:45|2016-03-02 03:32:30|121.513138|31.302438|26.0|227.0|5|000|A|0|1|1|0|1|2|2016-03-02 03:38:47|2016-03-02 03:38:32|121.486123|31.300698|0.0|276.0|6|000
25815|A|0|0|1|0|0|1|2016-03-02 03:25:47|2016-03-02 03:25:31|121.469205|31.197838|19.4|294.0|8|011|A|0|1|1|0|1|2|2016-03-02 03:39:02|2016-03-02 03:38:47|121.433462|31.247732|14.2|333.0|8|012
23009|A|0|0|0|0|0|1|2016-03-02 03:29:54|2016-03-02 03:29:39|121.522882|31.289482|39.9|62.0|7|041|A|0|1|1|0|0|2|2016-03-02 03:39:08|2016-03-02 03:38:53|121.537438|31.316655|0.0|93.0|7|000
20653|A|0|0|0|0|0|1|2016-03-02 03:36:06|2016-03-02 03:35:51|121.299148|31.202000|7.7|195.0|4|000|A|0|1|1|0|0|2|2016-03-02 03:39:13|2016-03-02 03:38:58|121.294122|31.206497|2.2|124.0|6|000
23390|A|0|0|2|0|0|1|2016-03-02 03:25:24|2016-03-02 03:25:01|121.367712|31.347385|5.3|319.0|10|006|A|0|1|1|0|0|2|2016-03-02 03:39:13|2016-03-02 03:38:58|121.357120|31.410963|0.0|196.0|8|000
18077|A|0|0|0|0|0|1|2016-03-02 02:32:01|2016-03-02 02:31:46|121.452377|31.216112|24.5|297.0|10|000|A|0|1|1|0|0|2|2016-03-02 03:39:16|2016-03-02 03:38:26|121.349668|31.281140|0.0|189.0|9|000
23742|A|0|0|0|0|0|1|2016-03-02 03:35:44|2016-03-02 03:35:29|121.390470|31.177253|30.6|341.0|8|030|A|0|1|1|0|0|2|2016-03-02 03:39:19|2016-03-02 03:39:04|121.397715|31.184713|0.0|83.0|8|000
25823|A|0|0|0|0|0|1|2016-03-02 03:38:36|2016-03-02 03:38:20|121.445272|31.203560|0.0|0.0|5|000|A|0|1|1|0|0|2|2016-03-02 03:39:19|2016-03-02 03:39:04|121.445288|31.203523|12.4|191.0|8|010
23358|A|0|0|0|0|0|1|2016-03-02 03:34:03|2016-03-02 03:33:48|121.450442|31.247948|17.9|259.0|7|014|A|0|1|1|0|0|2|2016-03-02 03:39:34|2016-03-02 03:39:19|121.426980|31.248987|0.0|334.0|6|000
23644|A|0|0|0|0|0|1|2016-03-02 03:30:11|2016-03-02 03:29:56|121.400323|31.244240|31.0|68.0|9|023|A|0|1|1|0|0|2|2016-03-02 03:39:38|2016-03-02 03:39:23|121.423293|31.228210|0.0|357.0|10|000
23351|A|0|0|0|0|0|1|2016-03-02 03:34:16|2016-03-02 03:34:01|121.477032|31.224168|10.9|346.0|6|007|A|0|1|1|0|0|2|2016-03-02 03:39:43|2016-03-02 03:39:28|121.464013|31.229583|0.0|262.0|7|000
26373|A|0|0|0|0|0|1|2016-03-02 03:29:35|2016-03-02 03:29:20|121.534222|31.304103|20.3|238.0|8|018|A|0|1|1|0|0|2|2016-03-02 03:39:43|2016-03-02 03:39:28|121.487565|31.268480|0.0|262.0|6|001
26065|A|0|0|0|0|0|1|2016-03-02 02:49:28|2016-03-02 02:49:13|121.443182|31.223027|15.7|82.0|7|000|A|0|1|1|0|0|2|2016-03-02 03:39:47|2016-03-02 03:39:32|121.437988|31.226838|0.0|312.0|9|000
26032|A|0|0|0|0|0|1|2016-03-02 03:26:45|2016-03-02 03:26:30|121.236592|31.009063|1.7|155.0|7|008|A|0|1|1|0|0|2|2016-03-02 03:40:15|2016-03-02 03:40:00|121.315865|31.012560|0.0|109.0|7|000
25723|A|0|0|1|0|0|1|2016-03-02 02:59:41|2016-03-02 02:59:25|121.481213|31.252430|21.6|236.0|10|019|A|0|1|1|0|0|2|2016-03-02 03:40:30|2016-03-02 03:40:15|121.501575|31.077570|0.0|358.0|9|000
26320|A|0|0|0|0|0|1|2016-03-02 03:25:25|2016-03-02 03:25:10|121.532123|31.063328|0.0|251.0|8|000|A|0|1|1|0|0|2|2016-03-02 03:40:34|2016-03-02 03:40:19|121.486958|31.119480|0.0|340.0|10|000
25813|A|0|0|2|0|0|1|2016-03-02 03:26:19|2016-03-02 03:26:04|121.458078|31.215307|0.0|350.0|5|000|A|0|1|1|0|0|2|2016-03-02 03:40:45|2016-03-02 03:40:29|121.412458|31.182527|0.0|253.0|7|000
26129|A|0|0|0|0|0|1|2016-03-02 03:31:54|2016-03-02 03:31:38|121.487902|31.223788|24.3|83.0|8|020|A|0|1|1|0|0|2|2016-03-02 03:40:50|2016-03-02 03:40:35|121.486573|31.204475|4.3|237.0|8|000
15409|A|0|0|5|0|0|1|2016-03-02 03:40:53|2016-03-02 03:40:21|121.425880|31.356023|49.0|250.0|9|049|A|0|1|5|0|0|2|2016-03-02 03:40:53|2016-03-02 03:40:10|121.427227|31.356820|52.0|240.0|8|051
23413|A|0|0|0|0|0|1|2016-03-02 03:38:06|2016-03-02 03:37:51|121.455457|31.332658|7.5|332.0|8|007|A|0|1|1|0|0|2|2016-03-02 03:41:05|2016-03-02 03:40:50|121.454270|31.340280|0.0|65.0|7|000
25809|A|0|0|0|0|0|1|2016-03-02 03:36:27|2016-03-02 03:36:12|121.450185|31.232657|15.9|257.0|7|000|A|0|1|1|0|0|2|2016-03-02 03:41:12|2016-03-02 03:40:56|121.439648|31.245112|0.0|322.0|4|000
25734|A|0|0|0|0|0|1|2016-03-02 03:36:34|2016-03-02 03:36:19|121.419487|31.264052|21.8|146.0|6|020|A|0|1|1|0|0|2|2016-03-02 03:42:11|2016-03-02 03:41:56|121.430513|31.246520|0.0|111.0|6|000
26072|A|0|0|0|0|0|1|2016-03-02 03:15:46|2016-03-02 03:15:31|121.469627|31.221390|16.7|351.0|7|013|A|0|1|1|0|0|2|2016-03-02 03:42:14|2016-03-02 03:41:59|121.389790|31.265865|0.0|267.0|7|000
23886|A|0|0|0|0|0|1|2016-03-02 03:39:55|2016-03-02 03:38:47|121.693420|31.184412|19.6|173.0|9|017|A|0|1|0|0|0|2|2016-03-02 03:42:30|2016-03-02 03:42:15|121.686048|31.178290|0.0|163.0|8|000
26102|A|0|0|0|0|0|1|2016-03-02 03:37:22|2016-03-02 03:37:07|121.389287|31.188908|9.2|246.0|10|008|A|0|1|1|0|1|2|2016-03-02 03:42:55|2016-03-02 03:42:40|121.384867|31.180005|0.0|241.0|8|000
23344|A|0|0|0|0|0|1|2016-03-02 03:37:38|2016-03-02 03:37:22|121.440178|31.262187|22.7|61.0|9|023|A|0|1|1|0|0|2|2016-03-02 03:42:58|2016-03-02 03:42:42|121.474757|31.273595|0.0|149.0|7|000
26383|A|0|0|0|0|0|1|2016-03-02 03:38:10|2016-03-02 03:37:55|121.514750|31.272078|10.1|254.0|9|007|A|0|1|1|0|0|2|2016-03-02 03:43:13|2016-03-02 03:42:58|121.531652|31.284743|0.0|50.0|9|000
25708|A|0|0|0|0|0|1|2016-03-02 03:32:36|2016-03-02 03:32:21|121.480415|31.208725|0.0|64.0|8|006|A|0|1|1|0|0|2|2016-03-02 03:43:24|2016-03-02 03:43:09|121.455977|31.195440|0.0|140.0|9|009
25911|A|0|0|0|0|0|1|2016-03-02 03:39:15|2016-03-02 03:39:00|121.334812|31.349102|22.1|260.0|8|023|A|0|1|5|0|0|2|2016-03-02 03:43:27|2016-03-02 03:43:12|121.310383|31.348290|0.0|345.0|8|000
23334|A|0|0|1|0|0|1|2016-03-02 03:24:27|2016-03-02 03:24:12|121.506080|31.199895|19.9|210.0|9|019|A|0|1|1|0|1|2|2016-03-02 03:43:28|2016-03-02 03:43:13|121.495243|31.091453|0.0|249.0|9|000
26288|A|0|0|0|0|0|1|2016-03-02 03:35:54|2016-03-02 03:35:39|121.514160|31.186165|28.6|339.0|10|026|A|0|1|1|0|0|2|2016-03-02 03:43:37|2016-03-02 03:43:22|121.517313|31.210750|12.3|285.0|8|013
26246|A|0|0|0|0|0|1|2016-03-02 03:34:18|2016-03-02 03:34:03|121.514403|31.296588|30.0|74.0|8|030-|A|0|1|1|0|0|2|2016-03-02 03:43:41|2016-03-02 03:43:26|121.532808|31.326828|0.0|148.0|7|000
25863|A|0|0|0|0|0|1|2016-03-02 03:28:51|2016-03-02 03:28:36|121.438917|31.238112|14.8|109.0|8|014|A|0|1|1|0|0|2|2016-03-02 03:43:45|2016-03-02 03:43:30|121.406625|31.232988|11.9|274.0|9|012
23835|A|0|0|0|0|0|1|2016-03-02 03:37:01|2016-03-02 03:36:46|121.418662|31.213125|26.6|150.0|8|022|A|0|1|1|0|0|2|2016-03-02 03:43:50|2016-03-02 03:43:35|121.396757|31.221272|27.0|274.0|4|027-
12864|A|0|0|V|0|0|1|2016-03-02 02:42:22|2010-01-01|121.395132|31.216653|3.0|0.0|3|000|A|0|1|V|0|0|2|2016-03-02 03:43:50|2010-01-01|121.430398|31.251702|7.0|0.0|3|000
26153|A|0|0|0|0|0|1|2016-03-02 03:29:37|2016-03-02 03:29:22|121.474533|31.229705|21.1|324.0|8|021|A|0|1|1|0|1|2|2016-03-02 03:43:52|2016-03-02 03:43:37|121.452490|31.312627|9.2|84.0|10|010
23556|A|0|0|0|0|0|1|2016-03-02 03:10:18|2016-03-02 03:10:02|121.513907|31.278105|27.0|342.0|8|024|A|0|1|1|0|0|2|2016-03-02 03:44:02|2016-03-02 03:43:47|121.514413|31.283957|0.0|66.0|8|000
16357|A|0|0|0|0|0|1|2016-03-02 01:16:38|2016-03-02 01:15:39|121.396585|31.211685|26.0|269.0|8|025|A|0|1|1|0|0|2|2016-03-02 03:44:03|2016-03-02 03:42:54|121.346315|31.244887|56.0|266.0|9|056
26135|A|0|0|0|0|0|1|2016-03-02 03:27:40|2016-03-02 03:27:25|121.500918|31.153365|9.2|305.0|10|009|A|0|1|0|0|1|2|2016-03-02 03:44:25|2016-03-02 03:44:09|121.569890|31.134900|0.0|216.0|9|000
11847|A|0|0|0|0|0|1|2016-03-02 03:40:59|2016-03-02 03:40:44|121.491595|31.251272|16.3|64.0|8|017|A|0|1|1|0|0|2|2016-03-02 03:44:31|2016-03-02 03:44:16|121.507405|31.256803|4.4|135.0|8|000
10914|A|0|0|1|0|1|1|2016-03-02 03:44:36|2016-03-02 03:44:20|121.510707|31.271788|32.5|329.0|10|032|A|0|1|1|0|0|2|2016-03-02 03:44:36|2016-03-02 03:44:00|121.511385|31.270730|0.0|329.0|10|000
25754|A|0|0|0|0|0|1|2016-03-02 03:34:35|2016-03-02 03:34:20|121.462890|31.264857|45.4|65.0|9|040|A|0|1|1|0|0|2|2016-03-02 03:44:38|2016-03-02 03:44:23|121.460460|31.244868|0.0|321.0|9|000
20621|A|0|0|0|0|0|1|2016-03-02 03:07:31|2016-03-02 03:07:16|121.354565|31.222342|21.1|97.0|9|021|A|0|1|1|0|0|2|2016-03-02 03:44:44|2016-03-02 03:44:29|121.491728|31.290053|0.0|91.0|9|000
26220|A|0|0|0|0|0|1|2016-03-02 03:13:13|2016-03-02 03:12:58|121.615332|31.264352|7.8|250.0|9|000|A|0|1|0|0|1|2|2016-03-02 03:44:49|2016-03-02 03:44:34|121.439870|31.241582|5.3|271.0|8|004
20559|A|0|0|0|0|0|1|2016-03-02 03:44:51|2016-03-02 03:44:36|121.423345|31.351352|0.0|31.0|9|000|A|0|1|5|0|0|2|2016-03-02 03:44:53|2016-03-02 03:44:38|121.423345|31.351352|0.0|31.0|9|000
23687|A|0|0|0|0|0|1|2016-03-02 03:39:50|2016-03-02 03:39:32|121.428985|31.277590|23.5|299.0|5|023|A|0|1|1|0|0|2|2016-03-02 03:45:04|2016-03-02 03:44:49|121.442505|31.285027|11.3|82.0|8|011
23347|A|0|0|0|0|0|1|2016-03-02 03:24:10|2016-03-02 03:23:55|121.500148|31.154160|15.4|271.0|8|015|A|0|1|1|0|0|2|2016-03-02 03:45:25|2016-03-02 03:45:10|121.497357|31.079273|0.0|166.0|8|000
26238|A|0|0|0|0|0|1|2016-03-02 03:33:32|2016-03-02 03:33:16|121.368647|31.189158|20.1|157.0|8|020|A|0|1|1|0|1|2|2016-03-02 03:45:33|2016-03-02 03:45:16|121.359908|31.182715|1.9|347.0|7|000
26258|A|0|0|0|0|0|1|2016-03-02 03:39:40|2016-03-02 03:39:25|121.404818|31.147220|19.2|158.0|8|018|A|0|1|1|0|1|2|2016-03-02 03:45:36|2016-03-02 03:45:16|121.390633|31.177097|0.0|180.0|8|000
20603|A|0|0|0|0|0|1|2016-03-02 03:30:17|2016-03-02 03:30:02|121.488348|31.224050|20.3|93.0|7|010|A|0|1|1|0|0|2|2016-03-02 03:45:51|2016-03-02 03:45:36|121.446173|31.225958|0.0|348.0|7|000
10887|A|0|0|1|0|0|1|2016-03-02 03:28:35|2016-03-02 03:28:19|121.448085|31.251117|10.2|234.0|7|006|A|0|1|1|0|1|2|2016-03-02 03:46:01|2016-03-02 03:45:46|121.564037|31.242542|12.1|241.0|8|013
20615|A|0|0|0|0|0|1|2016-03-02 03:28:25|2016-03-02 03:28:09|121.350315|31.141655|6.7|243.0|8|006|A|0|1|1|0|0|2|2016-03-02 03:46:06|2016-03-02 03:45:51|121.377853|31.103900|18.5|64.0|9|017
25120|A|0|0|0|0|0|1|2016-03-02 01:30:14|2016-03-02 01:29:59|121.517095|31.286623|5.7|137.0|5|001|A|0|1|1|0|0|2|2016-03-02 03:46:29|2016-03-02 03:46:14|121.485618|31.226835|45.1|246.0|0|047
23320|A|0|0|0|0|0|1|2016-03-02 03:23:56|2016-03-02 03:23:41|121.466077|31.207707|14.0|71.0|7|012|A|0|1|1|0|0|2|2016-03-02 03:46:32|2016-03-02 03:46:17|121.448343|31.228407|0.0|34.0|4|000
26131|A|0|0|1|0|0|1|2016-03-02 03:38:09|2016-03-02 03:37:53|121.532550|31.131763|14.9|86.0|10|017|A|0|1|1|0|1|2|2016-03-02 03:47:15|2016-03-02 03:47:00|121.572633|31.117098|0.0|261.0|9|000
26401|A|0|0|0|0|0|1|2016-03-02 03:36:43|2016-03-02 03:36:28|121.458903|31.234018|18.7|28.0|7|021|A|0|1|2|0|0|2|2016-03-02 03:47:30|2016-03-02 03:47:12|121.432395|31.241737|0.0|246.0|6|000
26291|A|0|0|0|0|0|1|2016-03-02 03:43:50|2016-03-02 03:43:35|121.507765|31.303782|13.1|344.0|8|011|A|0|1|1|0|0|2|2016-03-02 03:47:33|2016-03-02 03:47:17|121.527698|31.308577|3.5|357.0|7|000
26024|A|0|0|0|0|0|1|2016-03-02 03:37:38|2016-03-02 03:37:22|121.360952|31.251995|10.7|32.0|8|005|A|0|1|1|0|1|2|2016-03-02 03:47:34|2016-03-02 03:47:19|121.394622|31.246368|0.0|103.0|9|000
17243|A|0|0|0|0|0|1|2016-03-02 03:47:39|2016-03-02 03:42:50|121.349013|31.167965|0.0|247.0|7|000|A|0|1|1|0|1|2|2016-03-02 03:47:39|2016-03-02 03:43:23|121.348918|31.168022|0.0|331.0|4|000
17243|A|0|0|0|0|0|1|2016-03-02 03:47:39|2016-03-02 03:42:40|121.349013|31.167965|0.0|247.0|6|000|A|0|1|1|0|1|2|2016-03-02 03:47:39|2016-03-02 03:43:43|121.348918|31.168022|0.0|331.0|6|000
20551|A|0|0|0|0|0|1|2016-03-02 03:40:29|2016-03-02 03:40:14|121.419438|31.179772|19.4|29.0|9|017|A|0|1|1|0|0|2|2016-03-02 03:47:50|2016-03-02 03:47:35|121.411908|31.202763|0.0|72.0|9|000
23813|A|0|0|0|0|0|1|2016-03-02 03:30:06|2016-03-02 03:29:51|121.409538|31.289682|66.3|265.0|9|065|A|0|1|1|0|0|2|2016-03-02 03:47:54|2016-03-02 03:47:39|121.287350|31.215617|13.0|56.0|9|012
25815|A|0|0|0|0|0|1|2016-03-02 03:41:20|2016-03-02 03:41:05|121.429667|31.246692|22.0|218.0|8|023|A|0|1|1|0|1|2|2016-03-02 03:47:57|2016-03-02 03:47:42|121.434700|31.262352|0.0|141.0|7|000
23453|A|0|0|0|0|0|1|2016-03-02 03:28:50|2016-03-02 03:28:35|121.457915|31.229028|8.5|349.0|7|004|A|0|1|1|0|0|2|2016-03-02 03:47:58|2016-03-02 03:47:43|121.383752|31.202490|0.0|178.0|6|000
13821|A|0|0|1|0|0|1|2016-03-02 03:35:01|2016-03-02 03:34:44|121.480517|31.208898|16.9|73.0|7|017|A|0|1|0|0|1|2|2016-03-02 03:48:02|2016-03-02 03:47:44|121.488445|31.155495|0.0|233.0|7|000
23453|A|0|0|0|0|0|1|2016-03-02 03:48:01|2016-03-02 03:47:45|121.383752|31.202490|0.0|178.0|6|000|A|0|1|1|0|0|2|2016-03-02 03:48:04|2016-03-02 03:47:49|121.383752|31.202490|0.0|14.0|7|000
25818|A|0|0|0|0|0|1|2016-03-02 03:28:56|2016-03-02 03:28:41|121.444027|31.224258|0.0|187.0|5|000|A|0|1|1|0|0|2|2016-03-02 03:48:04|2016-03-02 03:47:49|121.485282|31.318972|0.0|276.0|8|000
26312|A|0|0|0|0|0|1|2016-03-02 03:14:49|2016-03-02 03:14:34|121.470908|31.281227|16.0|197.0|4|000|A|0|1|1|0|0|2|2016-03-02 03:48:11|2016-03-02 03:47:56|121.303987|31.172698|14.0|140.0|4|014-
26358|A|0|0|0|0|0|1|2016-03-02 03:29:15|2016-03-02 03:28:59|121.377517|31.159343|18.4|353.0|7|017|A|0|1|5|0|0|2|2016-03-02 03:48:38|2016-03-02 03:48:23|121.398508|31.268123|0.0|98.0|9|000
23461|A|0|0|0|0|0|1|2016-03-02 03:28:40|2016-03-02 03:28:24|121.424330|31.156288|13.7|71.0|7|010|A|0|1|1|0|0|2|2016-03-02 03:49:42|2016-03-02 03:49:27|121.400727|31.024305|0.0|248.0|7|000
23633|A|0|0|0|0|0|1|2016-03-02 03:43:28|2016-03-02 03:43:13|121.434247|31.242713|0.0|9.0|7|000|A|0|1|1|0|0|2|2016-03-02 03:49:54|2016-03-02 03:49:39|121.421297|31.243010|0.0|50.0|8|000
23808|A|0|0|0|0|0|1|2016-03-02 03:36:12|2016-03-02 03:35:57|121.514068|31.277208|23.6|19.0|6|020|A|0|1|0|0|0|2|2016-03-02 03:50:14|2016-03-02 03:49:58|121.534167|31.325408|0.0|230.0|8|000
23808|A|0|0|1|0|0|1|2016-03-02 03:50:15|2016-03-02 03:49:59|121.534167|31.325408|0.0|230.0|8|000|A|0|1|1|0|0|2|2016-03-02 03:50:19|2016-03-02 03:50:03|121.534167|31.325408|0.0|230.0|8|000
23808|A|0|0|0|0|0|1|2016-03-02 03:50:22|2016-03-02 03:50:07|121.534167|31.325408|0.0|230.0|8|000|A|0|1|1|0|0|2|2016-03-02 03:50:26|2016-03-02 03:50:11|121.534167|31.325408|0.0|230.0|8|000
26157|A|0|0|0|0|0|1|2016-03-02 03:33:04|2016-03-02 03:32:49|121.485962|31.222923|20.6|333.0|8|020|A|0|1|1|0|1|2|2016-03-02 03:50:27|2016-03-02 03:50:12|121.478613|31.283942|0.0|344.0|9|000
23693|A|0|0|0|0|0|1|2016-03-02 03:36:25|2016-03-02 03:36:10|121.471188|31.224780|17.7|341.0|6|016|A|0|1|1|0|0|2|2016-03-02 03:50:50|2016-03-02 03:50:35|121.414532|31.204887|41.9|318.0|8|036
18011|A|0|0|0|0|1|1|2016-03-02 00:22:24|2016-03-02 00:21:32|121.327337|31.242020|45.0|337.0|9|045-|A|0|1|1|0|1|2|2016-03-02 03:50:52|2016-03-02 03:50:01|121.349375|31.285432|3.9|356.0|10|000
23340|A|0|0|0|0|0|1|2016-03-02 03:43:51|2016-03-02 03:43:36|121.414817|31.204318|31.7|345.0|10|030|A|0|1|1|0|0|2|2016-03-02 03:51:01|2016-03-02 03:50:45|121.405527|31.208860|6.9|182.0|9|007
26401|A|0|0|2|0|0|1|2016-03-02 03:51:26|2016-03-02 03:51:06|121.435368|31.244002|0.0|162.0|5|000|A|0|1|2|0|0|2|2016-03-02 03:51:31|2016-03-02 03:51:16|121.435368|31.244002|0.0|162.0|7|000
23630|A|0|0|0|0|0|1|2016-03-02 03:29:14|2016-03-02 03:28:59|121.451773|31.253957|5.5|314.0|7|000|A|0|1|1|0|0|2|2016-03-02 03:51:32|2016-03-02 03:51:17|121.497055|31.276575|0.0|85.0|9|000
23630|A|0|0|0|0|0|1|2016-03-02 03:51:34|2016-03-02 03:51:19|121.497055|31.276575|0.0|85.0|9|000|A|0|1|1|0|0|2|2016-03-02 03:51:36|2016-03-02 03:51:21|121.497055|31.276575|0.0|85.0|9|000
26225|A|0|0|0|0|0|1|2016-03-02 03:22:48|2016-03-02 03:22:33|121.531553|31.207050|22.7|18.0|7|020|A|0|1|1|0|1|2|2016-03-02 03:51:48|2016-03-02 03:51:29|121.373950|31.244928|0.0|31.0|9|000
23349|A|0|0|0|0|0|1|2016-03-02 03:16:46|2016-03-02 03:16:31|121.539012|31.288472|20.9|13.0|7|019|A|0|1|1|0|1|2|2016-03-02 03:51:56|2016-03-02 03:51:37|121.368928|31.314733|0.0|247.0|9|000
23312|A|0|0|0|0|0|1|2016-03-02 03:39:51|2016-03-02 03:39:36|121.436460|31.366995|10.6|246.0|9|012|A|0|1|1|0|0|2|2016-03-02 03:52:09|2016-03-02 03:51:54|121.449890|31.325345|0.0|357.0|9|000
23515|A|0|0|0|0|0|1|2016-03-02 03:52:12|2016-03-02 03:51:57|121.489710|31.270632|3.4|248.0|8|000|A|0|1|1|0|0|2|2016-03-02 03:52:14|2016-03-02 03:51:58|121.489710|31.270632|0.0|248.0|8|000
25754|A|0|0|0|0|0|1|2016-03-02 03:48:15|2016-03-02 03:48:00|121.464838|31.252832|25.0|344.0|10|025|A|0|1|1|0|0|2|2016-03-02 03:52:29|2016-03-02 03:52:14|121.462618|31.264867|0.0|66.0|9|000
25815|A|0|0|0|0|0|1|2016-03-02 03:49:44|2016-03-02 03:49:28|121.434032|31.263945|26.4|55.0|8|026|A|0|1|0|0|1|2|2016-03-02 03:52:31|2016-03-02 03:52:15|121.444200|31.265952|0.0|66.0|8|000
23757|A|0|0|0|0|0|1|2016-03-02 03:44:14|2016-03-02 03:43:55|121.503528|31.273740|16.9|39.0|9|016|A|0|1|1|0|0|2|2016-03-02 03:52:34|2016-03-02 03:52:19|121.530643|31.293630|0.0|0.0|8|000
20584|A|0|0|0|0|0|1|2016-03-02 03:36:10|2016-03-02 03:35:55|121.459705|31.235210|20.3|340.0|6|018|A|0|1|1|0|1|2|2016-03-02 03:52:36|2016-03-02 03:52:21|121.454662|31.196428|0.0|249.0|8|000
23557|A|0|0|0|0|0|1|2016-03-02 03:41:47|2016-03-02 03:41:32|121.447375|31.275922|11.7|329.0|8|004|A|0|1|5|0|0|2|2016-03-02 03:52:37|2016-03-02 03:52:22|121.455110|31.251790|25.1|281.0|8|026
23557|A|0|0|0|0|0|1|2016-03-02 03:52:38|2016-03-02 03:52:23|121.455037|31.251817|23.7|280.0|8|025|A|0|1|5|0|0|2|2016-03-02 03:52:40|2016-03-02 03:52:25|121.454872|31.251855|21.2|280.0|8|025
26007|A|0|0|1|0|0|1|2016-03-02 03:46:28|2016-03-02 03:46:12|121.476643|31.305257|15.9|181.0|8|016|A|0|1|1|0|0|2|2016-03-02 03:52:41|2016-03-02 03:52:26|121.460227|31.288647|0.0|143.0|7|000
21695|A|0|0|1|0|0|1|2016-03-02 03:52:48|2016-03-02 03:52:31|121.426200|31.146397|8.0|253.0|8|005|A|0|1|1|0|0|2|2016-03-02 03:52:56|2016-03-02 03:52:41|121.425702|31.146207|21.4|249.0|8|021
26304|A|0|0|0|0|0|1|2016-03-02 03:41:46|2016-03-02 03:41:30|121.412128|31.209890|0.0|69.0|8|000|A|0|1|1|0|0|2|2016-03-02 03:53:07|2016-03-02 03:52:52|121.451053|31.215777|0.0|185.0|7|000
23336|A|0|0|0|0|0|1|2016-03-02 03:31:05|2016-03-02 03:30:50|121.393640|31.168435|18.9|73.0|7|020|A|0|1|1|0|1|2|2016-03-02 03:53:11|2016-03-02 03:52:56|121.466882|31.199995|0.0|262.0|7|000
26304|A|0|0|0|0|0|1|2016-03-02 03:53:10|2016-03-02 03:52:54|121.451053|31.215777|0.0|185.0|7|000|A|0|1|1|0|0|2|2016-03-02 03:53:11|2016-03-02 03:52:56|121.451053|31.215777|0.0|185.0|7|000
23632|A|0|0|0|0|0|1|2016-03-02 03:45:46|2016-03-02 03:45:31|121.360287|31.251390|0.0|124.0|4|000|A|0|1|1|0|0|2|2016-03-02 03:53:21|2016-03-02 03:53:06|121.323572|31.271590|0.0|153.0|6|000
23874|A|0|0|0|0|0|1|2016-03-02 03:47:50|2016-03-02 03:47:35|121.457957|31.232883|7.5|251.0|8|000|A|0|1|1|0|0|2|2016-03-02 03:53:32|2016-03-02 03:53:16|121.432650|31.242103|18.1|244.0|9|020
26064|A|0|0|1|0|0|1|2016-03-02 03:35:57|2016-03-02 03:35:41|121.442955|31.207855|14.9|41.0|9|012|A|0|1|0|1|0|2|2016-03-02 03:53:41|2016-03-02 03:53:25|121.430670|31.246345|6.9|268.0|9|000
23589|A|0|0|0|0|0|1|2016-03-02 03:43:47|2016-03-02 03:43:32|121.432782|31.232472|19.9|63.0|7|017|A|0|1|1|0|1|2|2016-03-02 03:53:59|2016-03-02 03:53:44|121.415155|31.271237|0.0|19.0|8|000
26209|A|0|0|0|0|0|1|2016-03-02 03:39:24|2016-03-02 03:39:09|121.474142|31.229838|24.4|143.0|8|022|A|0|1|1|0|0|2|2016-03-02 03:54:21|2016-03-02 03:54:06|121.455067|31.274838|0.0|249.0|8|000
26109|A|0|0|0|0|0|1|2016-03-02 03:43:34|2016-03-02 03:43:19|121.444807|31.214218|1.2|45.0|6|004|A|0|1|1|0|1|2|2016-03-02 03:54:25|2016-03-02 03:54:10|121.431322|31.238737|67.0|234.0|3|067-
25430|A|0|0|0|0|0|1|2016-03-02 03:54:40|2016-03-02 03:54:21|121.383080|31.179190|23.3|74.0|9|023|A|0|1|1|0|0|2|2016-03-02 03:54:40|2016-03-02 03:54:17|121.382892|31.179147|10.5|75.0|10|009
23432|A|0|0|0|0|0|1|2016-03-02 03:42:44|2016-03-02 03:42:29|121.466062|31.236032|11.7|330.0|9|010|A|0|1|0|0|1|2|2016-03-02 03:54:40|2016-03-02 03:54:25|121.420933|31.256800|0.0|252.0|8|000
26181|A|0|0|0|0|0|1|2016-03-02 03:44:27|2016-03-02 03:44:12|121.454160|31.261598|17.3|111.0|9|011|A|0|1|1|0|1|2|2016-03-02 03:54:43|2016-03-02 03:54:28|121.432655|31.238143|0.0|196.0|8|000
26002|A|0|0|0|0|0|1|2016-03-02 03:39:47|2016-03-02 03:39:32|121.416257|31.210645|41.2|72.0|6|028|A|0|1|1|0|1|2|2016-03-02 03:54:44|2016-03-02 03:54:29|121.348848|31.157765|4.3|338.0|7|003
23835|A|0|0|0|0|0|1|2016-03-02 03:45:08|2016-03-02 03:44:53|121.396453|31.220877|20.1|179.0|5|019|A|0|1|1|0|0|2|2016-03-02 03:55:05|2016-03-02 03:54:50|121.372415|31.227277|0.0|0.0|8|000
20560|A|0|0|2|0|0|1|2016-03-02 03:31:22|2016-03-02 03:31:04|121.508982|31.239897|17.3|311.0|6|013|A|0|1|0|0|0|2|2016-03-02 03:55:09|2016-03-02 03:54:54|121.605677|31.282438|23.6|63.0|8|022
23521|A|0|0|0|0|0|1|2016-03-02 03:53:25|2016-03-02 03:53:10|121.251175|31.011503|0.0|1.0|9|004|A|0|1|0|0|0|2|2016-03-02 03:55:11|2016-03-02 03:54:55|121.247353|31.013897|0.0|268.0|9|000
11847|A|0|0|0|0|0|1|2016-03-02 03:48:46|2016-03-02 03:47:11|121.506755|31.259033|20.2|323.0|7|020|A|0|1|1|0|0|2|2016-03-02 03:55:11|2016-03-02 03:54:56|121.512777|31.276412|0.0|121.0|4|000
26384|A|0|0|0|0|0|1|2016-03-02 03:32:44|2016-03-02 03:32:28|121.395467|31.207852|8.1|79.0|8|007|A|0|1|1|0|0|2|2016-03-02 03:55:17|2016-03-02 03:55:02|121.455108|31.333268|10.5|81.0|9|009
25758|A|0|0|0|0|0|1|2016-03-02 03:48:10|2016-03-02 03:47:55|121.386477|31.206323|74.3|164.0|4|049|A|0|1|1|0|0|2|2016-03-02 03:55:31|2016-03-02 03:55:16|121.383278|31.189003|10.3|99.0|5|023
26180|A|0|0|0|0|0|1|2016-03-02 03:51:12|2016-03-02 03:50:57|121.443630|31.333133|25.2|330.0|8|021|A|0|1|1|0|0|2|2016-03-02 03:56:43|2016-03-02 03:56:27|121.418652|31.332040|0.0|107.0|7|000
17634|A|0|0|1|0|0|1|2016-03-02 03:56:56|2016-03-02 03:50:04|121.389468|31.205717|0.0|290.0|7|000|A|0|1|1|0|0|2|2016-03-02 03:56:56|2016-03-02 03:49:54|121.389448|31.205703|0.0|247.0|7|000
26130|A|0|0|0|0|0|1|2016-03-02 03:41:29|2016-03-02 03:41:14|121.475333|31.227043|10.1|345.0|9|007|A|0|1|1|0|1|2|2016-03-02 03:57:07|2016-03-02 03:56:48|121.507388|31.201667|19.9|216.0|9|019
26024|A|0|0|0|0|0|1|2016-03-02 03:54:01|2016-03-02 03:53:44|121.414295|31.238978|11.1|303.0|8|005|A|0|1|1|0|0|2|2016-03-02 03:57:10|2016-03-02 03:56:55|121.418273|31.245128|10.4|72.0|8|004
20566|A|0|0|0|0|0|1|2016-03-02 03:32:03|2016-03-02 03:31:48|121.450480|31.255452|13.3|335.0|4|000|A|0|1|1|0|0|2|2016-03-02 03:57:28|2016-03-02 03:57:13|121.527182|31.330542|0.0|105.0|10|000
26065|A|0|0|1|0|0|1|2016-03-02 03:40:38|2016-03-02 03:40:22|121.437747|31.226883|6.5|286.0|10|006|A|0|1|1|0|0|2|2016-03-02 03:57:30|2016-03-02 03:56:48|121.387040|31.253455|0.0|13.0|10|000
26397|A|0|0|0|0|0|1|2016-03-02 03:41:23|2016-03-02 03:41:07|121.439117|31.372415|19.2|148.0|7|018|A|0|1|5|0|0|2|2016-03-02 03:57:32|2016-03-02 03:57:17|121.430522|31.322648|0.0|108.0|8|000
23404|A|0|0|0|0|0|1|2016-03-02 03:32:35|2016-03-02 03:32:20|121.414552|31.203623|16.8|70.0|9|016|A|0|1|1|0|1|2|2016-03-02 03:57:34|2016-03-02 03:57:19|121.470548|31.332337|1.9|12.0|9|000
10711|A|0|0|0|0|1|1|2016-03-02 03:57:35|2016-03-02 03:56:25|121.527410|31.320175|11.1|276.0|4|012|A|0|1|1|0|0|2|2016-03-02 03:57:35|2016-03-02 03:57:11|121.527078|31.320068|6.6|221.0|4|000
20615|A|0|0|0|0|0|1|2016-03-02 03:54:30|2016-03-02 03:54:15|121.358187|31.102745|0.0|81.0|10|000|A|0|1|1|0|0|2|2016-03-02 03:57:35|2016-03-02 03:57:20|121.369737|31.105388|0.0|157.0|10|000
25881|A|0|0|0|0|0|1|2016-03-02 03:42:40|2016-03-02 03:42:25|121.384352|31.216238|44.8|101.0|7|043|A|0|1|1|0|0|2|2016-03-02 03:57:41|2016-03-02 03:57:26|121.416622|31.173003|0.0|51.0|7|000
26246|A|0|0|0|0|0|1|2016-03-02 03:52:17|2016-03-02 03:52:02|121.514997|31.310778|20.0|0.0|7|020-|A|0|1|1|0|0|2|2016-03-02 03:57:42|2016-03-02 03:57:27|121.523212|31.323612|0.0|167.0|7|000
23593|A|0|0|2|0|0|1|2016-03-02 03:46:47|2016-03-02 03:46:24|121.551002|31.307277|15.5|315.0|10|014|A|0|1|1|0|0|2|2016-03-02 03:57:55|2016-03-02 03:57:40|121.546167|31.273095|0.0|115.0|9|000
23318|A|0|0|0|0|0|1|2016-03-02 03:40:05|2016-03-02 03:39:49|121.440438|31.180933|15.4|345.0|10|015|A|0|1|1|0|1|2|2016-03-02 03:58:06|2016-03-02 03:57:51|121.491927|31.268127|0.0|306.0|8|000
20586|A|0|0|0|0|0|1|2016-03-02 03:46:41|2016-03-02 03:46:26|121.444717|31.213893|8.4|48.0|7|007|A|0|1|1|0|1|2|2016-03-02 03:58:17|2016-03-02 03:58:02|121.513670|31.231173|0.0|169.0|6|000
23515|A|0|0|0|0|0|1|2016-03-02 03:58:17|2016-03-02 03:58:02|121.489738|31.270658|0.0|248.0|8|000|A|0|1|1|0|0|2|2016-03-02 03:58:19|2016-03-02 03:58:04|121.489738|31.270658|0.0|248.0|8|000
23531|A|0|0|0|0|0|1|2016-03-02 03:43:31|2016-03-02 03:43:16|121.458025|31.233245|12.7|54.0|7|010|A|0|1|1|0|0|2|2016-03-02 03:58:28|2016-03-02 03:58:13|121.498832|31.261163|0.0|48.0|9|000
23531|A|0|0|0|0|0|1|2016-03-02 03:58:30|2016-03-02 03:58:14|121.498832|31.261163|0.0|48.0|9|000|A|0|1|1|0|0|2|2016-03-02 03:58:32|2016-03-02 03:58:16|121.498832|31.261163|0.0|48.0|9|000
23453|A|0|0|0|0|0|1|2016-03-02 03:49:49|2016-03-02 03:49:30|121.384053|31.200913|14.0|188.0|6|004|A|0|1|1|0|0|2|2016-03-02 03:58:42|2016-03-02 03:53:27|121.386047|31.205598|0.0|269.0|6|000
26308|A|0|0|0|0|0|1|2016-03-02 03:52:10|2016-03-02 03:51:55|121.457578|31.233182|10.6|284.0|8|010|A|0|1|1|0|0|2|2016-03-02 03:58:56|2016-03-02 03:58:41|121.432252|31.241860|0.0|230.0|9|000
23432|A|0|0|0|0|0|1|2016-03-02 03:58:56|2016-03-02 03:58:04|121.423407|31.252783|18.0|147.0|10|018-|A|0|1|0|0|1|2|2016-03-02 03:58:56|2016-03-02 03:58:24|121.423665|31.252487|0.0|158.0|10|000
23755|A|0|0|0|0|0|1|2016-03-02 03:43:43|2016-03-02 03:43:28|121.487992|31.313483|17.2|270.0|8|016|A|0|1|1|0|0|2|2016-03-02 03:58:59|2016-03-02 03:58:40|121.449212|31.335925|40.9|151.0|9|041
23759|A|0|0|0|0|0|1|2016-03-02 03:42:19|2016-03-02 03:42:04|121.450322|31.217910|29.9|305.0|7|020|A|0|1|1|0|0|2|2016-03-02 03:59:49|2016-03-02 03:59:34|121.480348|31.266910|0.0|18.0|8|000
